# [5]
# Sample c= 13.71 mg/ml
# Intensity scaled by concentration
# Buffer subtracted data file:
# Protein DatFile = /data/visitor/mx1908/bm29/20161119/giulio/1d/mM60_034_ave.dat
# Buffer DatFile = /data/visitor/mx1908/bm29/20161119/giulio/ednaSub/mM60_034_ave_averbuffer.dat
# 
# AutoRg: Rg   =   0.7194 +/- 0.13 ( 18.2%)
# AutoRg: I(0) =   1.44 +/- 0.0122
# AutoRg: Points   266 to 317 ( 52 total)
# AutoRg: Quality: 55.3%
# 
# 
# Sample Information:
# Storage Temperature (degrees C): 20.0
# Measurement Temperature (degrees C): 20.01
# Concentration: 13.71
# Code: 
3.479420999999999903e-02  -5.096900e-01   5.529500e-01
3.950545999999999919e-02  -9.359044e-02   2.195474e-01
4.421672000000000102e-02   7.409701e-02   1.434373e-01
4.892798000000000286e-02   2.934141e-01   1.098037e-01
5.363923000000000302e-02   3.938984e-01   8.794091e-02
5.835048999999999791e-02   4.374225e-01   7.203483e-02
6.306174999999999975e-02   4.203359e-01   5.981004e-02
6.777299999999999991e-02   4.937144e-01   5.086010e-02
7.248425999999999481e-02   5.678908e-01   4.408286e-02
7.719552000000000358e-02   6.349759e-01   3.885377e-02
8.190677000000000374e-02   5.931273e-01   3.447817e-02
8.661802999999999864e-02   5.902553e-01   3.100541e-02
9.132928999999999353e-02   5.744494e-01   2.829794e-02
9.604053999999999369e-02   5.718294e-01   2.608372e-02
1.007518000000000025e-01   5.927863e-01   2.415296e-02
1.054631000000000041e-01   6.159300e-01   2.251088e-02
1.101743000000000028e-01   6.376819e-01   2.113783e-02
1.148856000000000044e-01   6.192387e-01   1.990897e-02
1.195968000000000031e-01   6.046242e-01   1.878944e-02
1.243081000000000047e-01   6.068074e-01   1.787391e-02
1.290193000000000034e-01   6.032991e-01   1.708541e-02
1.337306000000000050e-01   6.052982e-01   1.639342e-02
1.384419000000000066e-01   6.249856e-01   1.578934e-02
1.431531000000000053e-01   6.280544e-01   1.519009e-02
1.478644000000000069e-01   6.036375e-01   1.466698e-02
1.525756000000000057e-01   6.214750e-01   1.424087e-02
1.572869000000000073e-01   6.284893e-01   1.384316e-02
1.619981000000000060e-01   6.183073e-01   1.342333e-02
1.667094000000000076e-01   6.194989e-01   1.309036e-02
1.714206000000000063e-01   6.076299e-01   1.276183e-02
1.761319000000000079e-01   6.145315e-01   1.247426e-02
1.808432000000000095e-01   6.321739e-01   1.221226e-02
1.855544000000000082e-01   6.346425e-01   1.197749e-02
1.902657000000000098e-01   6.392839e-01   1.174283e-02
1.949769000000000085e-01   6.432464e-01   1.154708e-02
1.996882000000000101e-01   6.389390e-01   1.132951e-02
2.043994000000000089e-01   6.250032e-01   1.112614e-02
2.091107000000000105e-01   6.411334e-01   1.094773e-02
2.138220000000000121e-01   6.362016e-01   1.078263e-02
2.185332000000000108e-01   6.372515e-01   1.061891e-02
2.232445000000000124e-01   6.386294e-01   1.045368e-02
2.279557000000000111e-01   6.470334e-01   1.032575e-02
2.326670000000000127e-01   6.510240e-01   1.018652e-02
2.373782000000000114e-01   6.520454e-01   1.004461e-02
2.420895000000000130e-01   6.445340e-01   9.912276e-03
2.468007000000000117e-01   6.422233e-01   9.796014e-03
2.515120000000000133e-01   6.550756e-01   9.691975e-03
2.562232999999999872e-01   6.492615e-01   9.574965e-03
2.609345000000000137e-01   6.544462e-01   9.476418e-03
2.656457999999999875e-01   6.491774e-01   9.363455e-03
2.703570000000000140e-01   6.662278e-01   9.278269e-03
2.750682999999999878e-01   6.630633e-01   9.198611e-03
2.797795000000000143e-01   6.587386e-01   9.077524e-03
2.844907999999999881e-01   6.588401e-01   8.992762e-03
2.892021000000000175e-01   6.675681e-01   8.919579e-03
2.939132999999999885e-01   6.721813e-01   8.836593e-03
2.986246000000000178e-01   6.615185e-01   8.750721e-03
3.033357999999999888e-01   6.715609e-01   8.679270e-03
3.080471000000000181e-01   6.851748e-01   8.620313e-03
3.127582999999999891e-01   6.784623e-01   8.538850e-03
3.174696000000000184e-01   6.756627e-01   8.469057e-03
3.221808999999999923e-01   6.744411e-01   8.406363e-03
3.268921000000000188e-01   6.865580e-01   8.343936e-03
3.316033999999999926e-01   6.743854e-01   8.288135e-03
3.363146000000000191e-01   6.772038e-01   8.357737e-03
3.410258999999999929e-01   6.805287e-01   8.429778e-03
3.457371000000000194e-01   6.840710e-01   8.463746e-03
3.504483999999999932e-01   6.787155e-01   8.579925e-03
3.551596000000000197e-01   6.904389e-01   8.775685e-03
3.598708999999999936e-01   6.877424e-01   8.880093e-03
3.645822000000000229e-01   7.026312e-01   8.983823e-03
3.692933999999999939e-01   7.054431e-01   9.038096e-03
3.740047000000000232e-01   6.891865e-01   9.097801e-03
3.787158999999999942e-01   7.054187e-01   9.168372e-03
3.834272000000000236e-01   6.955778e-01   9.198724e-03
3.881383999999999945e-01   7.081605e-01   9.272125e-03
3.928497000000000239e-01   7.134284e-01   9.491232e-03
3.975609999999999977e-01   7.090864e-01   9.764160e-03
4.022722000000000242e-01   7.128691e-01   9.991390e-03
4.069834999999999980e-01   7.178599e-01   1.019225e-02
4.116947000000000245e-01   7.134337e-01   1.035328e-02
4.164059999999999984e-01   7.265325e-01   1.050310e-02
4.211172000000000248e-01   7.270891e-01   1.065812e-02
4.258284999999999987e-01   7.260234e-01   1.082826e-02
4.305397000000000252e-01   7.166061e-01   1.098980e-02
4.352509999999999990e-01   7.382847e-01   1.115530e-02
4.399622999999999728e-01   7.442367e-01   1.131712e-02
4.446734999999999993e-01   7.466954e-01   1.155500e-02
4.493847999999999732e-01   7.393800e-01   1.169272e-02
4.540959999999999996e-01   7.371565e-01   1.180042e-02
4.588072999999999735e-01   7.727640e-01   1.143521e-02
4.635185000000000000e-01   7.596924e-01   1.112502e-02
4.682297999999999738e-01   7.444467e-01   1.096625e-02
4.729411000000000032e-01   7.648665e-01   1.086085e-02
4.776522999999999741e-01   7.737272e-01   1.077330e-02
4.823636000000000035e-01   7.688285e-01   1.067674e-02
4.870747999999999744e-01   7.657200e-01   1.061176e-02
4.917861000000000038e-01   7.780841e-01   1.056454e-02
4.964972999999999748e-01   7.719840e-01   1.049017e-02
5.012086000000000041e-01   7.657426e-01   1.042186e-02
5.059198999999999780e-01   7.772724e-01   1.040412e-02
5.106311000000000044e-01   7.835912e-01   1.037020e-02
5.153423999999999783e-01   7.991026e-01   1.033750e-02
5.200536000000000048e-01   7.838388e-01   1.023768e-02
5.247648999999999786e-01   7.836491e-01   1.016096e-02
5.294761000000000051e-01   7.956416e-01   1.011535e-02
5.341873999999999789e-01   8.156340e-01   1.005881e-02
5.388986000000000054e-01   8.018040e-01   9.983845e-03
5.436098999999999792e-01   7.949023e-01   9.906856e-03
5.483211999999999531e-01   8.054748e-01   9.862004e-03
5.530323999999999796e-01   8.058424e-01   9.796041e-03
5.577436999999999534e-01   8.071707e-01   9.732671e-03
5.624548999999999799e-01   8.062921e-01   9.684399e-03
5.671661999999999537e-01   8.045890e-01   9.637682e-03
5.718773999999999802e-01   8.129704e-01   9.613086e-03
5.765886999999999540e-01   8.201903e-01   9.613292e-03
5.813000000000000389e-01   8.287475e-01   9.596654e-03
5.860111999999999544e-01   8.340715e-01   9.580226e-03
5.907225000000000392e-01   8.294432e-01   9.558356e-03
5.954336999999999547e-01   8.482660e-01   9.542892e-03
6.001450000000000395e-01   8.264071e-01   9.501064e-03
6.048561999999999550e-01   8.378403e-01   9.493804e-03
6.095675000000000399e-01   8.482308e-01   9.498615e-03
6.142788000000000137e-01   8.537438e-01   9.471543e-03
6.189900000000000402e-01   8.601257e-01   9.451737e-03
6.237013000000000140e-01   8.417029e-01   9.417195e-03
6.284125000000000405e-01   8.408232e-01   9.402877e-03
6.331238000000000143e-01   8.365446e-01   9.359246e-03
6.378350000000000408e-01   8.556028e-01   9.353129e-03
6.425463000000000147e-01   8.621243e-01   9.352706e-03
6.472575000000000411e-01   8.751218e-01   9.347585e-03
6.519688000000000150e-01   8.665350e-01   9.313438e-03
6.566800999999999888e-01   8.833631e-01   9.311100e-03
6.613913000000000153e-01   8.820082e-01   9.302438e-03
6.661025999999999891e-01   8.714511e-01   9.269120e-03
6.708138000000000156e-01   8.832818e-01   9.266594e-03
6.755250999999999895e-01   8.914250e-01   9.249859e-03
6.802363000000000159e-01   9.003197e-01   9.226019e-03
6.849475999999999898e-01   8.980024e-01   9.212303e-03
6.896588999999999636e-01   8.894868e-01   9.186140e-03
6.943700999999999901e-01   8.895658e-01   9.161514e-03
6.990813999999999639e-01   8.944608e-01   9.147873e-03
7.037925999999999904e-01   9.043862e-01   9.143202e-03
7.085038999999999643e-01   8.956136e-01   9.114219e-03
7.132150999999999907e-01   9.153554e-01   9.112972e-03
7.179263999999999646e-01   9.210166e-01   9.108699e-03
7.226375999999999911e-01   9.029190e-01   9.066824e-03
7.273488999999999649e-01   9.062867e-01   9.069027e-03
7.320602000000000498e-01   9.270585e-01   9.061053e-03
7.367713999999999652e-01   9.341663e-01   9.044255e-03
7.414827000000000501e-01   9.387613e-01   9.042776e-03
7.461938999999999655e-01   9.271366e-01   9.010786e-03
7.509052000000000504e-01   9.339965e-01   9.006402e-03
7.556163999999999659e-01   9.515471e-01   8.997283e-03
7.603277000000000507e-01   9.402537e-01   8.961560e-03
7.650390000000000246e-01   9.520979e-01   8.953737e-03
7.697502000000000510e-01   9.578962e-01   8.950076e-03
7.744615000000000249e-01   9.505196e-01   8.920341e-03
7.791727000000000514e-01   9.492289e-01   8.902403e-03
7.838840000000000252e-01   9.619648e-01   8.910419e-03
7.885952000000000517e-01   9.730080e-01   8.898801e-03
7.933065000000000255e-01   9.637295e-01   8.883896e-03
7.980177999999999994e-01   9.657223e-01   8.868134e-03
8.027290000000000258e-01   9.738317e-01   8.847556e-03
8.074402999999999997e-01   9.790569e-01   8.837319e-03
8.121515000000000262e-01   9.771052e-01   8.804932e-03
8.168628000000000000e-01   9.764590e-01   8.785352e-03
8.215740000000000265e-01   9.765971e-01   8.782700e-03
8.262853000000000003e-01   9.956856e-01   8.790415e-03
8.309965000000000268e-01   1.000157e+00   8.774212e-03
8.357078000000000007e-01   9.895848e-01   8.752370e-03
8.404190999999999745e-01   1.008203e+00   8.754428e-03
8.451303000000000010e-01   1.007501e+00   8.737732e-03
8.498415999999999748e-01   9.987708e-01   8.703360e-03
8.545528000000000013e-01   9.895774e-01   8.681325e-03
8.592640999999999751e-01   1.012623e+00   8.691986e-03
8.639753000000000016e-01   1.015927e+00   8.684122e-03
8.686865999999999755e-01   1.008656e+00   8.670198e-03
8.733978999999999493e-01   1.010600e+00   8.658310e-03
8.781090999999999758e-01   1.012590e+00   8.635734e-03
8.828203999999999496e-01   1.018026e+00   8.618578e-03
8.875315999999999761e-01   1.024068e+00   8.609954e-03
8.922428999999999499e-01   1.026298e+00   8.593829e-03
8.969540999999999764e-01   1.034475e+00   8.589710e-03
9.016653999999999503e-01   1.020050e+00   8.562310e-03
9.063767000000000351e-01   1.015804e+00   8.536667e-03
9.110878999999999506e-01   1.030176e+00   8.528971e-03
9.157992000000000354e-01   1.024281e+00   8.520345e-03
9.205103999999999509e-01   1.027756e+00   8.513972e-03
9.252217000000000358e-01   1.046587e+00   8.510554e-03
9.299328999999999512e-01   1.040267e+00   8.493920e-03
9.346442000000000361e-01   1.051916e+00   8.478518e-03
9.393553999999999515e-01   1.061342e+00   8.475422e-03
9.440667000000000364e-01   1.051570e+00   8.455293e-03
9.487780000000000102e-01   1.032146e+00   8.423074e-03
9.534892000000000367e-01   1.043918e+00   8.424130e-03
9.582005000000000106e-01   1.057999e+00   8.427765e-03
9.629117000000000370e-01   1.068174e+00   8.420158e-03
9.676230000000000109e-01   1.066454e+00   8.394764e-03
9.723342000000000374e-01   1.067876e+00   8.378903e-03
9.770455000000000112e-01   1.067291e+00   8.370209e-03
9.817567999999999850e-01   1.074073e+00   8.362400e-03
9.864680000000000115e-01   1.086151e+00   8.356753e-03
9.911792999999999854e-01   1.085401e+00   8.342437e-03
9.958905000000000118e-01   1.085914e+00   8.325698e-03
1.000601999999999991e+00   1.078586e+00   8.312210e-03
1.005312999999999901e+00   1.083765e+00   8.295750e-03
1.010024000000000033e+00   1.075278e+00   8.283148e-03
1.014736000000000082e+00   1.078702e+00   8.272675e-03
1.019446999999999992e+00   1.081281e+00   8.252794e-03
1.024157999999999902e+00   1.074255e+00   8.235496e-03
1.028869000000000034e+00   1.086680e+00   8.229904e-03
1.033581000000000083e+00   1.070446e+00   8.205276e-03
1.038291999999999993e+00   1.081688e+00   8.190826e-03
1.043002999999999902e+00   1.077816e+00   8.177209e-03
1.047714000000000034e+00   1.086785e+00   8.170932e-03
1.052426000000000084e+00   1.087901e+00   8.165615e-03
1.057136999999999993e+00   1.095267e+00   8.157142e-03
1.061847999999999903e+00   1.091185e+00   8.144228e-03
1.066559000000000035e+00   1.087006e+00   8.126952e-03
1.071271000000000084e+00   1.085076e+00   8.116008e-03
1.075981999999999994e+00   1.085987e+00   8.101334e-03
1.080692999999999904e+00   1.080365e+00   8.090345e-03
1.085404000000000035e+00   1.089696e+00   8.081565e-03
1.090116000000000085e+00   1.092839e+00   8.071128e-03
1.094826999999999995e+00   1.096619e+00   8.057144e-03
1.099537999999999904e+00   1.088451e+00   8.042788e-03
1.104249000000000036e+00   1.094624e+00   8.033806e-03
1.108961000000000086e+00   1.100395e+00   8.027130e-03
1.113671999999999995e+00   1.094313e+00   8.009237e-03
1.118382999999999905e+00   1.087649e+00   7.988645e-03
1.123094000000000037e+00   1.099070e+00   7.986885e-03
1.127806000000000086e+00   1.092489e+00   7.967721e-03
1.132516999999999996e+00   1.097598e+00   7.952541e-03
1.137227999999999906e+00   1.104732e+00   7.951908e-03
1.141939000000000037e+00   1.101018e+00   7.934944e-03
1.146651000000000087e+00   1.103822e+00   7.923063e-03
1.151361999999999997e+00   1.092500e+00   7.902908e-03
1.156072999999999906e+00   1.092388e+00   7.895905e-03
1.160784000000000038e+00   1.100041e+00   7.888891e-03
1.165496000000000087e+00   1.096105e+00   7.874165e-03
1.170206999999999997e+00   1.089015e+00   7.849722e-03
1.174917999999999907e+00   1.093221e+00   7.845488e-03
1.179629999999999956e+00   1.087446e+00   7.827554e-03
1.184341000000000088e+00   1.087024e+00   7.809093e-03
1.189051999999999998e+00   1.088791e+00   7.805957e-03
1.193762999999999908e+00   1.091772e+00   7.808398e-03
1.198474999999999957e+00   1.093071e+00   7.986912e-03
1.203186000000000089e+00   1.097842e+00   8.188340e-03
1.207896999999999998e+00   1.106236e+00   8.332422e-03
1.212607999999999908e+00   1.106628e+00   8.447842e-03
1.217319999999999958e+00   1.088428e+00   8.531457e-03
1.222031000000000089e+00   1.088267e+00   8.615638e-03
1.226741999999999999e+00   1.096330e+00   8.704042e-03
1.231452999999999909e+00   1.075377e+00   8.760029e-03
1.236164999999999958e+00   1.092651e+00   8.851653e-03
1.240876000000000090e+00   1.090478e+00   8.912240e-03
1.245587000000000000e+00   1.089029e+00   8.957737e-03
1.250297999999999909e+00   1.076432e+00   8.966470e-03
1.255009999999999959e+00   1.088384e+00   8.994695e-03
1.259721000000000091e+00   1.089277e+00   8.995433e-03
1.264432000000000000e+00   1.078854e+00   8.673072e-03
1.269142999999999910e+00   1.083782e+00   8.451670e-03
1.273854999999999960e+00   1.082946e+00   8.314529e-03
1.278566000000000091e+00   1.100024e+00   8.212116e-03
1.283277000000000001e+00   1.079178e+00   8.114721e-03
1.287987999999999911e+00   1.076762e+00   8.038637e-03
1.292699999999999960e+00   1.071470e+00   7.969042e-03
1.297411000000000092e+00   1.072219e+00   7.901382e-03
1.302122000000000002e+00   1.069912e+00   7.837079e-03
1.306832999999999911e+00   1.070265e+00   7.801460e-03
1.311544999999999961e+00   1.080426e+00   7.789284e-03
1.316256000000000093e+00   1.068175e+00   7.753678e-03
1.320967000000000002e+00   1.066567e+00   7.733841e-03
1.325677999999999912e+00   1.066060e+00   7.717459e-03
1.330389999999999961e+00   1.055228e+00   7.692389e-03
1.335101000000000093e+00   1.047506e+00   7.667529e-03
1.339812000000000003e+00   1.060611e+00   7.660452e-03
1.344522999999999913e+00   1.057933e+00   7.649438e-03
1.349234999999999962e+00   1.045123e+00   7.619135e-03
1.353946000000000094e+00   1.038300e+00   7.596662e-03
1.358657000000000004e+00   1.051555e+00   7.587897e-03
1.363369000000000053e+00   1.054821e+00   7.580269e-03
1.368079999999999963e+00   1.057073e+00   7.562548e-03
1.372791000000000095e+00   1.042482e+00   7.539789e-03
1.377502000000000004e+00   1.047486e+00   7.531060e-03
1.382214000000000054e+00   1.041856e+00   7.516271e-03
1.386924999999999963e+00   1.035094e+00   7.493337e-03
1.391636000000000095e+00   1.031717e+00   7.479181e-03
1.396347000000000005e+00   1.036139e+00   7.464949e-03
1.401059000000000054e+00   1.022721e+00   7.434010e-03
1.405769999999999964e+00   1.027068e+00   7.430208e-03
1.410481000000000096e+00   1.022861e+00   7.414589e-03
1.415192000000000005e+00   1.017152e+00   7.401432e-03
1.419904000000000055e+00   1.024462e+00   7.393706e-03
1.424614999999999965e+00   1.021270e+00   7.374582e-03
1.429326000000000096e+00   1.009271e+00   7.361277e-03
1.434037000000000006e+00   1.013911e+00   7.341292e-03
1.438749000000000056e+00   1.005351e+00   7.322155e-03
1.443459999999999965e+00   9.968131e-01   7.304341e-03
1.448171000000000097e+00   9.993669e-01   7.295077e-03
1.452882000000000007e+00   9.957525e-01   7.281745e-03
1.457594000000000056e+00   9.905538e-01   7.262664e-03
1.462304999999999966e+00   9.931572e-01   7.252569e-03
1.467016000000000098e+00   9.980818e-01   7.245714e-03
1.471727000000000007e+00   9.896694e-01   7.230293e-03
1.476439000000000057e+00   9.797135e-01   7.210034e-03
1.481149999999999967e+00   9.832935e-01   7.202350e-03
1.485861000000000098e+00   9.868470e-01   7.188810e-03
1.490572000000000008e+00   9.888569e-01   7.177838e-03
1.495284000000000058e+00   9.809960e-01   7.163183e-03
1.499994999999999967e+00   9.623233e-01   7.140621e-03
1.504706000000000099e+00   9.758805e-01   7.137392e-03
1.509417000000000009e+00   9.649907e-01   7.127418e-03
1.514129000000000058e+00   9.722348e-01   7.142833e-03
1.518839999999999968e+00   9.707592e-01   7.342366e-03
1.523551000000000100e+00   9.682664e-01   7.495977e-03
1.528262999999999927e+00   9.491095e-01   7.582919e-03
1.532974000000000059e+00   9.478601e-01   7.681447e-03
1.537684999999999969e+00   9.453806e-01   7.757559e-03
1.542396000000000100e+00   9.546070e-01   7.762326e-03
1.547107999999999928e+00   9.522040e-01   7.560447e-03
1.551819000000000059e+00   9.450990e-01   7.451633e-03
1.556529999999999969e+00   9.325857e-01   7.368056e-03
1.561241000000000101e+00   9.284789e-01   7.293351e-03
1.565952999999999928e+00   9.299224e-01   7.225694e-03
1.570664000000000060e+00   9.236445e-01   7.146760e-03
1.575374999999999970e+00   9.194729e-01   7.070520e-03
1.580086000000000102e+00   9.276933e-01   7.006420e-03
1.584797999999999929e+00   9.133749e-01   6.958169e-03
1.589509000000000061e+00   9.232532e-01   6.959102e-03
1.594219999999999970e+00   8.980499e-01   6.928275e-03
1.598931000000000102e+00   9.062943e-01   6.940040e-03
1.603642999999999930e+00   8.961857e-01   6.945684e-03
1.608354000000000061e+00   9.044884e-01   6.957340e-03
1.613064999999999971e+00   8.926770e-01   6.937409e-03
1.617776000000000103e+00   8.901662e-01   6.920759e-03
1.622487999999999930e+00   8.921155e-01   6.910726e-03
1.627199000000000062e+00   8.902720e-01   6.898841e-03
1.631909999999999972e+00   8.793861e-01   6.876794e-03
1.636621000000000103e+00   8.775933e-01   6.865037e-03
1.641332999999999931e+00   8.729785e-01   6.851051e-03
1.646044000000000063e+00   8.744875e-01   6.836194e-03
1.650754999999999972e+00   8.638596e-01   6.820835e-03
1.655466000000000104e+00   8.606188e-01   6.803088e-03
1.660177999999999932e+00   8.711513e-01   6.805067e-03
1.664889000000000063e+00   8.644462e-01   6.789553e-03
1.669599999999999973e+00   8.598084e-01   6.773045e-03
1.674311000000000105e+00   8.538044e-01   6.760021e-03
1.679022999999999932e+00   8.427980e-01   6.740075e-03
1.683734000000000064e+00   8.460891e-01   6.732767e-03
1.688444999999999974e+00   8.395746e-01   6.721117e-03
1.693156000000000105e+00   8.406751e-01   6.705580e-03
1.697867999999999933e+00   8.427318e-01   6.699646e-03
1.702579000000000065e+00   8.252372e-01   6.673353e-03
1.707289999999999974e+00   8.280865e-01   6.664254e-03
1.712002000000000024e+00   8.317947e-01   6.661320e-03
1.716712999999999933e+00   8.304672e-01   6.647631e-03
1.721424000000000065e+00   8.389274e-01   6.644975e-03
1.726134999999999975e+00   8.241580e-01   6.629740e-03
1.730847000000000024e+00   8.116765e-01   6.607557e-03
1.735557999999999934e+00   8.053346e-01   6.596151e-03
1.740269000000000066e+00   8.094978e-01   6.589925e-03
1.744979999999999976e+00   8.152653e-01   6.585747e-03
1.749692000000000025e+00   8.028015e-01   6.564446e-03
1.754402999999999935e+00   7.923019e-01   6.544534e-03
1.759114000000000066e+00   7.890005e-01   6.531288e-03
1.763824999999999976e+00   7.940160e-01   6.521321e-03
1.768537000000000026e+00   7.872019e-01   6.508019e-03
1.773247999999999935e+00   7.817383e-01   6.501603e-03
1.777959000000000067e+00   7.802904e-01   6.491474e-03
1.782669999999999977e+00   7.831049e-01   6.478402e-03
1.787382000000000026e+00   7.751616e-01   6.464238e-03
1.792092999999999936e+00   7.768389e-01   6.460518e-03
1.796804000000000068e+00   7.688704e-01   6.442689e-03
1.801514999999999977e+00   7.712006e-01   6.437427e-03
1.806227000000000027e+00   7.635952e-01   6.422616e-03
1.810937999999999937e+00   7.562864e-01   6.407669e-03
1.815649000000000068e+00   7.562456e-01   6.399491e-03
1.820359999999999978e+00   7.584350e-01   6.391112e-03
1.825072000000000028e+00   7.425338e-01   6.370708e-03
1.829782999999999937e+00   7.440651e-01   6.362353e-03
1.834494000000000069e+00   7.456385e-01   6.355510e-03
1.839204999999999979e+00   7.522444e-01   6.359884e-03
1.843917000000000028e+00   7.364447e-01   6.339004e-03
1.848627999999999938e+00   7.295027e-01   6.322275e-03
1.853339000000000070e+00   7.363513e-01   6.318267e-03
1.858049999999999979e+00   7.270810e-01   6.301909e-03
1.862762000000000029e+00   7.217213e-01   6.293626e-03
1.867472999999999939e+00   7.202461e-01   6.281789e-03
1.872184000000000070e+00   7.020532e-01   6.259400e-03
1.876894999999999980e+00   7.200892e-01   6.264196e-03
1.881607000000000030e+00   7.199042e-01   6.258479e-03
1.886317999999999939e+00   7.095660e-01   6.234848e-03
1.891029000000000071e+00   6.982531e-01   6.223198e-03
1.895740999999999898e+00   6.953721e-01   6.212593e-03
1.900452000000000030e+00   6.948758e-01   6.202302e-03
1.905162999999999940e+00   6.930628e-01   6.193662e-03
1.909874000000000072e+00   6.899351e-01   6.182778e-03
1.914585999999999899e+00   6.947980e-01   6.179565e-03
1.919297000000000031e+00   6.858135e-01   6.167440e-03
1.924007999999999940e+00   6.929825e-01   6.161035e-03
1.928719000000000072e+00   6.726348e-01   6.137780e-03
1.933430999999999900e+00   6.653448e-01   6.123645e-03
1.938142000000000031e+00   6.706416e-01   6.107755e-03
1.942852999999999941e+00   6.635344e-01   6.088181e-03
1.947564000000000073e+00   6.589874e-01   6.068244e-03
1.952275999999999900e+00   6.596227e-01   6.056552e-03
1.956987000000000032e+00   6.616012e-01   6.053393e-03
1.961697999999999942e+00   6.601613e-01   6.042699e-03
1.966409000000000074e+00   6.490098e-01   6.023139e-03
1.971120999999999901e+00   6.500125e-01   6.020681e-03
1.975832000000000033e+00   6.552080e-01   6.018342e-03
1.980542999999999942e+00   6.563110e-01   6.018382e-03
1.985254000000000074e+00   6.432927e-01   6.012036e-03
1.989965999999999902e+00   6.438554e-01   6.015838e-03
1.994677000000000033e+00   6.356572e-01   6.005588e-03
1.999387999999999943e+00   6.438499e-01   6.021693e-03
2.004099000000000075e+00   6.430629e-01   6.153580e-03
2.008811000000000124e+00   6.340828e-01   6.284882e-03
2.013522000000000034e+00   6.278621e-01   6.365870e-03
2.018232999999999944e+00   6.347951e-01   6.438286e-03
2.022943999999999853e+00   6.223793e-01   6.492790e-03
2.027655999999999903e+00   6.208706e-01   6.547479e-03
2.032366999999999813e+00   6.075725e-01   6.571903e-03
2.037078000000000166e+00   6.134087e-01   6.591924e-03
2.041789000000000076e+00   6.109661e-01   6.612272e-03
2.046501000000000126e+00   6.080961e-01   6.629414e-03
2.051212000000000035e+00   6.108589e-01   6.645301e-03
2.055922999999999945e+00   6.042489e-01   6.656484e-03
2.060633999999999855e+00   6.020609e-01   6.668388e-03
2.065345999999999904e+00   5.958625e-01   6.649184e-03
2.070056999999999814e+00   6.160022e-01   6.464360e-03
2.074768000000000168e+00   6.006153e-01   6.330722e-03
2.079480000000000217e+00   5.842305e-01   6.232704e-03
2.084191000000000127e+00   5.884439e-01   6.160149e-03
2.088902000000000037e+00   5.800262e-01   6.098506e-03
2.093612999999999946e+00   5.858499e-01   6.060535e-03
2.098324999999999996e+00   5.769721e-01   6.035892e-03
2.103035999999999905e+00   5.758504e-01   6.018599e-03
2.107746999999999815e+00   5.807271e-01   6.001535e-03
2.112458000000000169e+00   5.737620e-01   5.985345e-03
2.117170000000000218e+00   5.711230e-01   5.973082e-03
2.121881000000000128e+00   5.756162e-01   5.960806e-03
2.126592000000000038e+00   5.736571e-01   5.942785e-03
2.131302999999999948e+00   5.590041e-01   5.922227e-03
2.136014999999999997e+00   5.628163e-01   5.914720e-03
2.140725999999999907e+00   5.636623e-01   5.904337e-03
2.145436999999999816e+00   5.601590e-01   5.889496e-03
2.150148000000000170e+00   5.581127e-01   5.879033e-03
2.154860000000000220e+00   5.485813e-01   5.863980e-03
2.159571000000000129e+00   5.471777e-01   5.854469e-03
2.164282000000000039e+00   5.337555e-01   5.833309e-03
2.168992999999999949e+00   5.426275e-01   5.830136e-03
2.173704999999999998e+00   5.388338e-01   5.815029e-03
2.178415999999999908e+00   5.368354e-01   5.802906e-03
2.183126999999999818e+00   5.385142e-01   5.794899e-03
2.187838000000000171e+00   5.346476e-01   5.786179e-03
2.192550000000000221e+00   5.262962e-01   5.772571e-03
2.197261000000000131e+00   5.209511e-01   5.758719e-03
2.201972000000000040e+00   5.337292e-01   5.759045e-03
2.206682999999999950e+00   5.269519e-01   5.747506e-03
2.211395000000000000e+00   5.219923e-01   5.734582e-03
2.216105999999999909e+00   5.138439e-01   5.724582e-03
2.220816999999999819e+00   5.192043e-01   5.715986e-03
2.225528000000000173e+00   5.109519e-01   5.706252e-03
2.230239999999999778e+00   5.083579e-01   5.694465e-03
2.234951000000000132e+00   5.156394e-01   5.693217e-03
2.239662000000000042e+00   5.108085e-01   5.680641e-03
2.244372999999999951e+00   5.114589e-01   5.671683e-03
2.249085000000000001e+00   5.055178e-01   5.659508e-03
2.253795999999999911e+00   4.961451e-01   5.647473e-03
2.258506999999999820e+00   5.044504e-01   5.643836e-03
2.263218999999999870e+00   4.967296e-01   5.636352e-03
2.267929999999999779e+00   4.901446e-01   5.622348e-03
2.272641000000000133e+00   4.954488e-01   5.616402e-03
2.277352000000000043e+00   4.951612e-01   5.607822e-03
2.282064000000000092e+00   4.835459e-01   5.592479e-03
2.286775000000000002e+00   4.866860e-01   5.591278e-03
2.291485999999999912e+00   4.819884e-01   5.584981e-03
2.296196999999999822e+00   4.758400e-01   5.566807e-03
2.300908999999999871e+00   4.747894e-01   5.560319e-03
2.305619999999999781e+00   4.847018e-01   5.559612e-03
2.310331000000000135e+00   4.845716e-01   5.553984e-03
2.315042000000000044e+00   4.738770e-01   5.539888e-03
2.319754000000000094e+00   4.703754e-01   5.532120e-03
2.324465000000000003e+00   4.769551e-01   5.532406e-03
2.329175999999999913e+00   4.629008e-01   5.511962e-03
2.333886999999999823e+00   4.601877e-01   5.500968e-03
2.338598999999999872e+00   4.566288e-01   5.497766e-03
2.343309999999999782e+00   4.600396e-01   5.492527e-03
2.348021000000000136e+00   4.639392e-01   5.490249e-03
2.352732000000000046e+00   4.535578e-01   5.478586e-03
2.357444000000000095e+00   4.539480e-01   5.473267e-03
2.362155000000000005e+00   4.510157e-01   5.457365e-03
2.366865999999999914e+00   4.550289e-01   5.454649e-03
2.371576999999999824e+00   4.501168e-01   5.448284e-03
2.376288999999999874e+00   4.494743e-01   5.441169e-03
2.380999999999999783e+00   4.433121e-01   5.430233e-03
2.385711000000000137e+00   4.475107e-01   5.427920e-03
2.390422000000000047e+00   4.495320e-01   5.422766e-03
2.395134000000000096e+00   4.360693e-01   5.410145e-03
2.399845000000000006e+00   4.370135e-01   5.405680e-03
2.404555999999999916e+00   4.431942e-01   5.401363e-03
2.409266999999999825e+00   4.399758e-01   5.391883e-03
2.413978999999999875e+00   4.323860e-01   5.382384e-03
2.418689999999999785e+00   4.338943e-01   5.378752e-03
2.423401000000000138e+00   4.311082e-01   5.369371e-03
2.428112000000000048e+00   4.302804e-01   5.359894e-03
2.432824000000000098e+00   4.251481e-01   5.349209e-03
2.437535000000000007e+00   4.291378e-01   5.350729e-03
2.442245999999999917e+00   4.331435e-01   5.346901e-03
2.446957999999999966e+00   4.293560e-01   5.340055e-03
2.451668999999999876e+00   4.281343e-01   5.336092e-03
2.456379999999999786e+00   4.231571e-01   5.323320e-03
2.461091000000000140e+00   4.079877e-01   5.310956e-03
2.465803000000000189e+00   4.154627e-01   5.304730e-03
2.470514000000000099e+00   4.119767e-01   5.295489e-03
2.475225000000000009e+00   4.084154e-01   5.288207e-03
2.479935999999999918e+00   4.011438e-01   5.278575e-03
2.484647999999999968e+00   4.004670e-01   5.274298e-03
2.489358999999999877e+00   4.037773e-01   5.273248e-03
2.494069999999999787e+00   4.057262e-01   5.267852e-03
2.498781000000000141e+00   4.014048e-01   5.260004e-03
2.503493000000000190e+00   4.050799e-01   5.251273e-03
2.508204000000000100e+00   4.039753e-01   5.248457e-03
2.512915000000000010e+00   3.974288e-01   5.234486e-03
2.517625999999999920e+00   3.913827e-01   5.221959e-03
2.522337999999999969e+00   3.777583e-01   5.200796e-03
2.527048999999999879e+00   3.928931e-01   5.203659e-03
2.531759999999999788e+00   3.955041e-01   5.194426e-03
2.536471000000000142e+00   3.959911e-01   5.188977e-03
2.541183000000000192e+00   3.898303e-01   5.180225e-03
2.545894000000000101e+00   3.892680e-01   5.174189e-03
2.550605000000000011e+00   3.847364e-01   5.163748e-03
2.555315999999999921e+00   3.861474e-01   5.156234e-03
2.560027999999999970e+00   3.851664e-01   5.154532e-03
2.564738999999999880e+00   3.858914e-01   5.155366e-03
2.569449999999999790e+00   3.788705e-01   5.151813e-03
2.574161000000000143e+00   3.792592e-01   5.147527e-03
2.578873000000000193e+00   3.745545e-01   5.144126e-03
2.583584000000000103e+00   3.735241e-01   5.142421e-03
2.588295000000000012e+00   3.782509e-01   5.140311e-03
2.593005999999999922e+00   3.678013e-01   5.130342e-03
2.597717999999999972e+00   3.667457e-01   5.124292e-03
2.602428999999999881e+00   3.737443e-01   5.118466e-03
2.607139999999999791e+00   3.715835e-01   5.114986e-03
2.611851000000000145e+00   3.656986e-01   5.107515e-03
2.616563000000000194e+00   3.676049e-01   5.105774e-03
2.621274000000000104e+00   3.603177e-01   5.098400e-03
2.625985000000000014e+00   3.646622e-01   5.100319e-03
2.630697000000000063e+00   3.657263e-01   5.089422e-03
2.635407999999999973e+00   3.595814e-01   5.082020e-03
2.640118999999999883e+00   3.602285e-01   5.078334e-03
2.644829999999999792e+00   3.633437e-01   5.073541e-03
2.649541999999999842e+00   3.560150e-01   5.058214e-03
2.654253000000000196e+00   3.589962e-01   5.060992e-03
2.658964000000000105e+00   3.523848e-01   5.051997e-03
2.663675000000000015e+00   3.547988e-01   5.044466e-03
2.668387000000000064e+00   3.591999e-01   5.043469e-03
2.673097999999999974e+00   3.528759e-01   5.038724e-03
2.677808999999999884e+00   3.516556e-01   5.028956e-03
2.682519999999999794e+00   3.468114e-01   5.022589e-03
2.687231999999999843e+00   3.504869e-01   5.015498e-03
2.691943000000000197e+00   3.480740e-01   5.010659e-03
2.696654000000000106e+00   3.481089e-01   5.005583e-03
2.701365000000000016e+00   3.466530e-01   5.003189e-03
2.706077000000000066e+00   3.468101e-01   4.995021e-03
2.710787999999999975e+00   3.298827e-01   4.983720e-03
2.715498999999999885e+00   3.394372e-01   4.987133e-03
2.720209999999999795e+00   3.411967e-01   4.981194e-03
2.724921999999999844e+00   3.424347e-01   4.982324e-03
2.729633000000000198e+00   3.385576e-01   4.967907e-03
2.734344000000000108e+00   3.397007e-01   4.965669e-03
2.739055000000000017e+00   3.325397e-01   4.961208e-03
2.743767000000000067e+00   3.306997e-01   4.950265e-03
2.748477999999999977e+00   3.375455e-01   4.946880e-03
2.753188999999999886e+00   3.310920e-01   4.940814e-03
2.757899999999999796e+00   3.291303e-01   4.933765e-03
2.762611999999999846e+00   3.261595e-01   4.932198e-03
2.767323000000000199e+00   3.280889e-01   4.925906e-03
2.772034000000000109e+00   3.218408e-01   4.918671e-03
2.776745000000000019e+00   3.202926e-01   4.918208e-03
2.781457000000000068e+00   3.227837e-01   4.914347e-03
2.786167999999999978e+00   3.215069e-01   4.902893e-03
2.790878999999999888e+00   3.249964e-01   4.905584e-03
2.795589999999999797e+00   3.184332e-01   4.894043e-03
2.800301999999999847e+00   3.218629e-01   4.894139e-03
2.805013000000000201e+00   3.192263e-01   4.913832e-03
2.809724000000000110e+00   3.247898e-01   5.040533e-03
2.814436000000000160e+00   3.104896e-01   5.111980e-03
2.819147000000000070e+00   3.120996e-01   5.179896e-03
2.823857999999999979e+00   3.178100e-01   5.226985e-03
2.828568999999999889e+00   3.123344e-01   5.246396e-03
2.833280999999999938e+00   3.075407e-01   5.263984e-03
2.837991999999999848e+00   3.134235e-01   5.281924e-03
2.842703000000000202e+00   3.078997e-01   5.292242e-03
2.847414000000000112e+00   3.087803e-01   5.302896e-03
2.852126000000000161e+00   3.099060e-01   5.318504e-03
2.856837000000000071e+00   3.108597e-01   5.327681e-03
2.861547999999999981e+00   3.032519e-01   5.336387e-03
2.866258999999999890e+00   3.039252e-01   5.346062e-03
2.870970999999999940e+00   3.069279e-01   5.307254e-03
2.875681999999999849e+00   3.041671e-01   5.175376e-03
2.880393000000000203e+00   3.067658e-01   5.098604e-03
2.885104000000000113e+00   3.053228e-01   5.038159e-03
2.889816000000000162e+00   2.942261e-01   4.992698e-03
2.894527000000000072e+00   3.068231e-01   4.978511e-03
2.899237999999999982e+00   3.025987e-01   4.961956e-03
2.903948999999999891e+00   2.979925e-01   4.944808e-03
2.908660999999999941e+00   2.903543e-01   4.929982e-03
2.913371999999999851e+00   2.910038e-01   4.920013e-03
2.918083000000000204e+00   2.928363e-01   4.912215e-03
2.922794000000000114e+00   3.011606e-01   4.909579e-03
2.927506000000000164e+00   2.928613e-01   4.894693e-03
2.932217000000000073e+00   2.958922e-01   4.894031e-03
2.936927999999999983e+00   2.914685e-01   4.884902e-03
2.941638999999999893e+00   2.907839e-01   4.869903e-03
2.946350999999999942e+00   2.918265e-01   4.863773e-03
2.951061999999999852e+00   2.877523e-01   4.852550e-03
2.955773000000000206e+00   2.842783e-01   4.850885e-03
2.960484000000000115e+00   2.795256e-01   4.840595e-03
2.965196000000000165e+00   2.809423e-01   4.832159e-03
2.969907000000000075e+00   2.831037e-01   4.827669e-03
2.974617999999999984e+00   2.914988e-01   4.825833e-03
2.979328999999999894e+00   2.760509e-01   4.808188e-03
2.984040999999999944e+00   2.795201e-01   4.804799e-03
2.988751999999999853e+00   2.821894e-01   4.804931e-03
2.993463000000000207e+00   2.813901e-01   4.796375e-03
2.998174999999999812e+00   2.820551e-01   4.790789e-03
3.002886000000000166e+00   2.812268e-01   4.787270e-03
3.007597000000000076e+00   2.796515e-01   4.781747e-03
3.012307999999999986e+00   2.778531e-01   4.774384e-03
3.017020000000000035e+00   2.784750e-01   4.767059e-03
3.021730999999999945e+00   2.673645e-01   4.752612e-03
3.026441999999999855e+00   2.668399e-01   4.750686e-03
3.031153000000000208e+00   2.696680e-01   4.745994e-03
3.035864999999999814e+00   2.730244e-01   4.742390e-03
3.040576000000000167e+00   2.762324e-01   4.740876e-03
3.045287000000000077e+00   2.671020e-01   4.732271e-03
3.049997999999999987e+00   2.713917e-01   4.731087e-03
3.054710000000000036e+00   2.693319e-01   4.725209e-03
3.059420999999999946e+00   2.691802e-01   4.715921e-03
3.064131999999999856e+00   2.692814e-01   4.712080e-03
3.068843000000000210e+00   2.633831e-01   4.706040e-03
3.073554999999999815e+00   2.664862e-01   4.702785e-03
3.078266000000000169e+00   2.667310e-01   4.700186e-03
3.082977000000000078e+00   2.683917e-01   4.693250e-03
3.087687999999999988e+00   2.638268e-01   4.688652e-03
3.092400000000000038e+00   2.579223e-01   4.682572e-03
3.097110999999999947e+00   2.575606e-01   4.678330e-03
3.101821999999999857e+00   2.545286e-01   4.666387e-03
3.106533000000000211e+00   2.601451e-01   4.664919e-03
3.111244999999999816e+00   2.621101e-01   4.662870e-03
3.115956000000000170e+00   2.554171e-01   4.654064e-03
3.120667000000000080e+00   2.525530e-01   4.649859e-03
3.125377999999999989e+00   2.553950e-01   4.646286e-03
3.130090000000000039e+00   2.540071e-01   4.645330e-03
3.134800999999999949e+00   2.525512e-01   4.636597e-03
3.139511999999999858e+00   2.542886e-01   4.631207e-03
3.144223000000000212e+00   2.604655e-01   4.633051e-03
3.148934999999999818e+00   2.529156e-01   4.624086e-03
3.153646000000000171e+00   2.597632e-01   4.624481e-03
3.158357000000000081e+00   2.569147e-01   4.623552e-03
3.163067999999999991e+00   2.508569e-01   4.610445e-03
3.167780000000000040e+00   2.507068e-01   4.609867e-03
3.172490999999999950e+00   2.425536e-01   4.598417e-03
3.177201999999999860e+00   2.478039e-01   4.600641e-03
3.181913999999999909e+00   2.539736e-01   4.601314e-03
3.186624999999999819e+00   2.496324e-01   4.591501e-03
3.191336000000000173e+00   2.488709e-01   4.582476e-03
3.196047000000000082e+00   2.343140e-01   4.564586e-03
3.200759000000000132e+00   2.429492e-01   4.562106e-03
3.205470000000000041e+00   2.474678e-01   4.557429e-03
3.210180999999999951e+00   2.462677e-01   4.554306e-03
3.214891999999999861e+00   2.433240e-01   4.551633e-03
3.219603999999999910e+00   2.381353e-01   4.543686e-03
3.224314999999999820e+00   2.317140e-01   4.534888e-03
3.229026000000000174e+00   2.346557e-01   4.531164e-03
3.233737000000000084e+00   2.389503e-01   4.529080e-03
3.238449000000000133e+00   2.379215e-01   4.528674e-03
3.243160000000000043e+00   2.405985e-01   4.530851e-03
3.247870999999999952e+00   2.399969e-01   4.524496e-03
3.252581999999999862e+00   2.349298e-01   4.522539e-03
3.257293999999999912e+00   2.371866e-01   4.528051e-03
3.262004999999999821e+00   2.405727e-01   4.526912e-03
3.266716000000000175e+00   2.368555e-01   4.519527e-03
3.271427000000000085e+00   2.276252e-01   4.511690e-03
3.276139000000000134e+00   2.372307e-01   4.508948e-03
3.280850000000000044e+00   2.318345e-01   4.509579e-03
3.285560999999999954e+00   2.311078e-01   4.503475e-03
3.290271999999999863e+00   2.281108e-01   4.493279e-03
3.294983999999999913e+00   2.291977e-01   4.488899e-03
3.299694999999999823e+00   2.292909e-01   4.487576e-03
3.304406000000000176e+00   2.241488e-01   4.479513e-03
3.309117000000000086e+00   2.295132e-01   4.482989e-03
3.313829000000000136e+00   2.297877e-01   4.480752e-03
3.318540000000000045e+00   2.315908e-01   4.475395e-03
3.323250999999999955e+00   2.267195e-01   4.471348e-03
3.327961999999999865e+00   2.259036e-01   4.466702e-03
3.332673999999999914e+00   2.286825e-01   4.466488e-03
3.337384999999999824e+00   2.286965e-01   4.460395e-03
3.342096000000000178e+00   2.260225e-01   4.457823e-03
3.346807000000000087e+00   2.258983e-01   4.450037e-03
3.351519000000000137e+00   2.272288e-01   4.450591e-03
3.356230000000000047e+00   2.237973e-01   4.443896e-03
3.360940999999999956e+00   2.201339e-01   4.436819e-03
3.365653000000000006e+00   2.160507e-01   4.431358e-03
3.370363999999999916e+00   2.188780e-01   4.430700e-03
3.375074999999999825e+00   2.255188e-01   4.430803e-03
3.379786000000000179e+00   2.148857e-01   4.420072e-03
3.384497999999999784e+00   2.144884e-01   4.419476e-03
3.389209000000000138e+00   2.152303e-01   4.443886e-03
3.393920000000000048e+00   2.151538e-01   4.544091e-03
3.398630999999999958e+00   2.145385e-01   4.608368e-03
3.403343000000000007e+00   2.148225e-01   4.657683e-03
3.408053999999999917e+00   2.151972e-01   4.691632e-03
3.412764999999999826e+00   2.148115e-01   4.710782e-03
3.417476000000000180e+00   2.176345e-01   4.709244e-03
3.422187999999999786e+00   2.146878e-01   4.705735e-03
3.426899000000000139e+00   2.147407e-01   4.715706e-03
3.431610000000000049e+00   2.109337e-01   4.728337e-03
3.436320999999999959e+00   2.027862e-01   4.733269e-03
3.441033000000000008e+00   2.106341e-01   4.744307e-03
3.445743999999999918e+00   2.112238e-01   4.752380e-03
3.450454999999999828e+00   2.152726e-01   4.763227e-03
3.455166000000000182e+00   2.078808e-01   4.767353e-03
3.459877999999999787e+00   2.111938e-01   4.781112e-03
3.464589000000000141e+00   2.167494e-01   4.794334e-03
3.469300000000000050e+00   2.106856e-01   4.793661e-03
3.474010999999999960e+00   2.072308e-01   4.798516e-03
3.478723000000000010e+00   2.177449e-01   4.815498e-03
3.483433999999999919e+00   2.114531e-01   4.814388e-03
3.488144999999999829e+00   2.076964e-01   4.818906e-03
3.492856000000000183e+00   2.066645e-01   4.822107e-03
3.497567999999999788e+00   2.022892e-01   4.826588e-03
3.502279000000000142e+00   2.077975e-01   4.834343e-03
3.506990000000000052e+00   2.076983e-01   4.842477e-03
3.511700999999999961e+00   2.052827e-01   4.846305e-03
3.516413000000000011e+00   2.002743e-01   4.848297e-03
3.521123999999999921e+00   1.992785e-01   4.854041e-03
3.525834999999999830e+00   2.066782e-01   4.865128e-03
3.530546000000000184e+00   2.079860e-01   4.868089e-03
3.535257999999999790e+00   2.029127e-01   4.872809e-03
3.539969000000000143e+00   1.949764e-01   4.872664e-03
3.544680000000000053e+00   2.035942e-01   4.876630e-03
3.549392000000000102e+00   1.994543e-01   4.883799e-03
3.554103000000000012e+00   1.981692e-01   4.886033e-03
3.558813999999999922e+00   2.023305e-01   4.895570e-03
3.563524999999999832e+00   1.963293e-01   4.894791e-03
3.568236999999999881e+00   1.894954e-01   4.897741e-03
3.572947999999999791e+00   1.970946e-01   4.906171e-03
3.577659000000000145e+00   1.982287e-01   4.907854e-03
3.582370000000000054e+00   1.940812e-01   4.911101e-03
3.587082000000000104e+00   1.925720e-01   4.911949e-03
3.591793000000000013e+00   1.946549e-01   4.917277e-03
3.596503999999999923e+00   1.918461e-01   4.914699e-03
3.601214999999999833e+00   1.980841e-01   4.918385e-03
3.605926999999999882e+00   1.992521e-01   4.921666e-03
3.610637999999999792e+00   1.976133e-01   5.008819e-03
3.615349000000000146e+00   1.923427e-01   5.153998e-03
3.620060000000000056e+00   1.926993e-01   5.243091e-03
3.624772000000000105e+00   1.945527e-01   5.308351e-03
3.629483000000000015e+00   1.877917e-01   5.342896e-03
3.634193999999999924e+00   1.932253e-01   5.384576e-03
3.638904999999999834e+00   1.932657e-01   5.418380e-03
3.643616999999999884e+00   1.851942e-01   5.444788e-03
3.648327999999999793e+00   1.925016e-01   5.479090e-03
3.653039000000000147e+00   1.850448e-01   5.498846e-03
3.657750000000000057e+00   1.855378e-01   5.525002e-03
3.662462000000000106e+00   1.823843e-01   5.549674e-03
3.667173000000000016e+00   1.838047e-01   5.581127e-03
3.671883999999999926e+00   1.911799e-01   5.611080e-03
3.676594999999999835e+00   1.902883e-01   5.629114e-03
3.681306999999999885e+00   1.857094e-01   5.654976e-03
3.686017999999999795e+00   1.859589e-01   5.681289e-03
3.690729000000000148e+00   1.919088e-01   5.707452e-03
3.695440000000000058e+00   1.891396e-01   5.730164e-03
3.700152000000000108e+00   1.927801e-01   5.761013e-03
3.704863000000000017e+00   1.917388e-01   5.778357e-03
3.709573999999999927e+00   1.835159e-01   5.797332e-03
3.714284999999999837e+00   1.891261e-01   5.827623e-03
3.718996999999999886e+00   1.873628e-01   5.845058e-03
3.723707999999999796e+00   1.918149e-01   5.872633e-03
3.728419000000000150e+00   1.866594e-01   5.894630e-03
3.733131000000000199e+00   1.826044e-01   5.903444e-03
3.737842000000000109e+00   1.756617e-01   5.920614e-03
3.742553000000000019e+00   1.850520e-01   5.954732e-03
3.747263999999999928e+00   1.819367e-01   5.979597e-03
3.751975999999999978e+00   1.899784e-01   6.010602e-03
3.756686999999999887e+00   1.939952e-01   6.028596e-03
3.761397999999999797e+00   1.915747e-01   6.050018e-03
3.766109000000000151e+00   1.852248e-01   6.068905e-03
3.770821000000000200e+00   1.740918e-01   6.091275e-03
3.775532000000000110e+00   1.769308e-01   6.111101e-03
3.780243000000000020e+00   1.814796e-01   6.135543e-03
3.784953999999999930e+00   1.755281e-01   6.154296e-03
3.789665999999999979e+00   1.729949e-01   6.172149e-03
3.794376999999999889e+00   1.786410e-01   6.192334e-03
3.799087999999999798e+00   1.782509e-01   6.215688e-03
3.803799000000000152e+00   1.747979e-01   6.232326e-03
3.808511000000000202e+00   1.682181e-01   6.250409e-03
3.813222000000000111e+00   1.680799e-01   6.271365e-03
3.817933000000000021e+00   1.723175e-01   6.298947e-03
3.822643999999999931e+00   1.721632e-01   6.319076e-03
3.827355999999999980e+00   1.662569e-01   6.336232e-03
3.832066999999999890e+00   1.731513e-01   6.367043e-03
3.836777999999999800e+00   1.651714e-01   6.382700e-03
3.841489000000000154e+00   1.717792e-01   6.412042e-03
3.846201000000000203e+00   1.643877e-01   6.431473e-03
3.850912000000000113e+00   1.659650e-01   6.456775e-03
3.855623000000000022e+00   1.670210e-01   6.474277e-03
3.860333999999999932e+00   1.642368e-01   6.492862e-03
3.865045999999999982e+00   1.653083e-01   6.516188e-03
3.869756999999999891e+00   1.647127e-01   6.537269e-03
3.874467999999999801e+00   1.684510e-01   6.561664e-03
3.879179000000000155e+00   1.669189e-01   6.582175e-03
3.883891000000000204e+00   1.812625e-01   6.613502e-03
3.888602000000000114e+00   1.719190e-01   6.635538e-03
3.893313000000000024e+00   1.768585e-01   6.665500e-03
3.898023999999999933e+00   1.674837e-01   6.676559e-03
3.902735999999999983e+00   1.650055e-01   6.690712e-03
3.907446999999999893e+00   1.646594e-01   6.716580e-03
3.912157999999999802e+00   1.703834e-01   6.749402e-03
3.916869999999999852e+00   1.657531e-01   6.742767e-03
3.921581000000000206e+00   1.582356e-01   6.750781e-03
3.926292000000000115e+00   1.614974e-01   6.761061e-03
3.931003000000000025e+00   1.600205e-01   6.783948e-03
3.935715000000000074e+00   1.692534e-01   6.810526e-03
3.940425999999999984e+00   1.706615e-01   6.819998e-03
3.945136999999999894e+00   1.728153e-01   6.829824e-03
3.949847999999999804e+00   1.641947e-01   6.832091e-03
3.954559999999999853e+00   1.658729e-01   6.840104e-03
3.959271000000000207e+00   1.630126e-01   6.841968e-03
3.963982000000000117e+00   1.622077e-01   6.845934e-03
3.968693000000000026e+00   1.580271e-01   6.855749e-03
3.973405000000000076e+00   1.638848e-01   6.876238e-03
3.978115999999999985e+00   1.551587e-01   6.887004e-03
3.982826999999999895e+00   1.644773e-01   6.928944e-03
3.987537999999999805e+00   1.669116e-01   6.946542e-03
3.992249999999999854e+00   1.610649e-01   6.961451e-03
3.996961000000000208e+00   1.585726e-01   6.998468e-03
4.001672000000000118e+00   1.625270e-01   7.016027e-03
4.006382999999999583e+00   1.497404e-01   7.036954e-03
4.011095000000000077e+00   1.557395e-01   7.064615e-03
4.015806000000000431e+00   1.606905e-01   7.085762e-03
4.020516999999999896e+00   1.600576e-01   7.101627e-03
4.025228000000000250e+00   1.632151e-01   7.139637e-03
4.029939999999999856e+00   1.562554e-01   7.154299e-03
4.034651000000000209e+00   1.660658e-01   7.197862e-03
4.039361999999999675e+00   1.673141e-01   7.222074e-03
4.044073000000000029e+00   1.595403e-01   7.240853e-03
4.048784999999999634e+00   1.574068e-01   7.252960e-03
4.053495999999999988e+00   1.508618e-01   7.276347e-03
4.058207000000000342e+00   1.570693e-01   7.306348e-03
4.062917999999999807e+00   1.673993e-01   7.335620e-03
4.067630000000000301e+00   1.644287e-01   7.353480e-03
4.072340999999999767e+00   1.475407e-01   7.363597e-03
4.077052000000000120e+00   1.504446e-01   7.400071e-03
4.081762999999999586e+00   1.553688e-01   7.438074e-03
4.086475000000000080e+00   1.497763e-01   7.462419e-03
4.091186000000000433e+00   1.433421e-01   7.479108e-03
4.095896999999999899e+00   1.480451e-01   7.506004e-03
4.100609000000000393e+00   1.507609e-01   7.532841e-03
4.105319999999999858e+00   1.543474e-01   7.566727e-03
4.110031000000000212e+00   1.512327e-01   7.594904e-03
4.114741999999999678e+00   1.531303e-01   7.616893e-03
4.119454000000000171e+00   1.476558e-01   7.637592e-03
4.124164999999999637e+00   1.610710e-01   7.685613e-03
4.128875999999999991e+00   1.552457e-01   7.702813e-03
4.133587000000000344e+00   1.575387e-01   7.738259e-03
4.138298999999999950e+00   1.528559e-01   7.764749e-03
4.143010000000000304e+00   1.509432e-01   7.792035e-03
4.147720999999999769e+00   1.601529e-01   7.828050e-03
4.152432000000000123e+00   1.391946e-01   7.830193e-03
4.157143999999999728e+00   1.485038e-01   7.864892e-03
4.161855000000000082e+00   1.576980e-01   7.901647e-03
4.166566000000000436e+00   1.530342e-01   7.923482e-03
4.171276999999999902e+00   1.334338e-01   7.947040e-03
4.175989000000000395e+00   1.400692e-01   7.985996e-03
4.180699999999999861e+00   1.473295e-01   8.033895e-03
4.185411000000000215e+00   1.458623e-01   8.054504e-03
4.190121999999999680e+00   1.481342e-01   8.084898e-03
4.194834000000000174e+00   1.494337e-01   8.108184e-03
4.199544999999999639e+00   1.478485e-01   8.140475e-03
4.204255999999999993e+00   1.509713e-01   8.174486e-03
4.208967000000000347e+00   1.538557e-01   8.195018e-03
4.213678999999999952e+00   1.402154e-01   8.222912e-03
4.218390000000000306e+00   1.325288e-01   8.249938e-03
4.223100999999999772e+00   1.347973e-01   8.283395e-03
4.227812000000000126e+00   1.441422e-01   8.322273e-03
4.232523999999999731e+00   1.457469e-01   8.353906e-03
4.237235000000000085e+00   1.461778e-01   8.393689e-03
4.241946000000000438e+00   1.418651e-01   8.423628e-03
4.246656999999999904e+00   1.457049e-01   8.471498e-03
4.251369000000000398e+00   1.356581e-01   8.493939e-03
4.256079999999999863e+00   1.392453e-01   8.532846e-03
4.260791000000000217e+00   1.418129e-01   8.574317e-03
4.265501999999999683e+00   1.456248e-01   8.604056e-03
4.270214000000000176e+00   1.427366e-01   8.631386e-03
4.274924999999999642e+00   1.347237e-01   8.665638e-03
4.279635999999999996e+00   1.469301e-01   8.713590e-03
4.284347999999999601e+00   1.388218e-01   8.760172e-03
4.289058999999999955e+00   1.487110e-01   8.803892e-03
4.293770000000000309e+00   1.330796e-01   8.821675e-03
4.298480999999999774e+00   1.197735e-01   8.841554e-03
4.303193000000000268e+00   1.391332e-01   8.904176e-03
4.307903999999999733e+00   1.464120e-01   8.935804e-03
4.312615000000000087e+00   1.565657e-01   8.991306e-03
4.317326000000000441e+00   1.454732e-01   9.017655e-03
4.322038000000000046e+00   1.542929e-01   9.080926e-03
4.326749000000000400e+00   1.453660e-01   9.123882e-03
4.331459999999999866e+00   1.428034e-01   9.148233e-03
4.336171000000000220e+00   1.347711e-01   9.175692e-03
4.340882999999999825e+00   1.264807e-01   9.210995e-03
4.345594000000000179e+00   1.292650e-01   9.238676e-03
4.350304999999999644e+00   1.365571e-01   9.302945e-03
4.355015999999999998e+00   1.270318e-01   9.335254e-03
4.359727999999999604e+00   1.291741e-01   9.395119e-03
4.364438999999999957e+00   1.412797e-01   9.446069e-03
4.369150000000000311e+00   1.273368e-01   9.459036e-03
4.373860999999999777e+00   1.284580e-01   9.519522e-03
4.378573000000000270e+00   1.435955e-01   9.601317e-03
4.383283999999999736e+00   1.557621e-01   9.643050e-03
4.387995000000000090e+00   1.394544e-01   9.675891e-03
4.392706000000000444e+00   1.393274e-01   9.733441e-03
4.397418000000000049e+00   1.469049e-01   9.770250e-03
4.402129000000000403e+00   1.326083e-01   9.756395e-03
4.406839999999999868e+00   1.283770e-01   9.749445e-03
4.411551000000000222e+00   1.447691e-01   9.791358e-03
4.416262999999999828e+00   1.385862e-01   9.788483e-03
4.420974000000000181e+00   1.297815e-01   9.778818e-03
4.425684999999999647e+00   1.328751e-01   9.789089e-03
4.430396000000000001e+00   1.364554e-01   9.810951e-03
4.435107999999999606e+00   1.254272e-01   9.793116e-03
4.439818999999999960e+00   1.119038e-01   9.802888e-03
4.444530000000000314e+00   1.377320e-01   9.897772e-03
4.449240999999999779e+00   1.280931e-01   9.932051e-03
4.453953000000000273e+00   1.217487e-01   9.973307e-03
4.458663999999999739e+00   1.266744e-01   1.002732e-02
4.463375000000000092e+00   1.226019e-01   1.008063e-02
4.468086999999999698e+00   1.301486e-01   1.012620e-02
4.472798000000000052e+00   1.371987e-01   1.017890e-02
4.477509000000000405e+00   1.400164e-01   1.025322e-02
4.482219999999999871e+00   1.446392e-01   1.031756e-02
4.486932000000000365e+00   1.354819e-01   1.036903e-02
4.491642999999999830e+00   1.302586e-01   1.041190e-02
4.496354000000000184e+00   1.378876e-01   1.049295e-02
4.501064999999999650e+00   1.408377e-01   1.055729e-02
4.505777000000000143e+00   1.353513e-01   1.060960e-02
4.510487999999999609e+00   1.362830e-01   1.066553e-02
4.515198999999999963e+00   1.295509e-01   1.073152e-02
4.519910000000000316e+00   1.171239e-01   1.077777e-02
4.524621999999999922e+00   1.244708e-01   1.083123e-02
4.529333000000000276e+00   1.282023e-01   1.089638e-02
4.534043999999999741e+00   1.244550e-01   1.096709e-02
4.538755000000000095e+00   1.218326e-01   1.105783e-02
4.543466999999999700e+00   1.361536e-01   1.113004e-02
4.548178000000000054e+00   1.303736e-01   1.118970e-02
4.552889000000000408e+00   1.278298e-01   1.124762e-02
4.557599999999999874e+00   1.120783e-01   1.130697e-02
4.562312000000000367e+00   1.043279e-01   1.135191e-02
4.567022999999999833e+00   1.257722e-01   1.146650e-02
4.571734000000000187e+00   1.328535e-01   1.155443e-02
4.576444999999999652e+00   1.358433e-01   1.164174e-02
4.581157000000000146e+00   1.250949e-01   1.168960e-02
4.585867999999999611e+00   1.309906e-01   1.178258e-02
4.590578999999999965e+00   1.151237e-01   1.184824e-02
4.595290000000000319e+00   1.288591e-01   1.194477e-02
4.600001999999999924e+00   1.392426e-01   1.201036e-02
4.604713000000000278e+00   1.365525e-01   1.211557e-02
4.609423999999999744e+00   1.204098e-01   1.221203e-02
4.614135000000000097e+00   1.253881e-01   1.229019e-02
4.618846999999999703e+00   1.198752e-01   1.236643e-02
4.623558000000000057e+00   1.146798e-01   1.245709e-02
4.628269000000000410e+00   1.155179e-01   1.257470e-02
4.632979999999999876e+00   1.267858e-01   1.268561e-02
4.637692000000000370e+00   1.224421e-01   1.280220e-02
4.642402999999999835e+00   1.312321e-01   1.288589e-02
4.647114000000000189e+00   1.350841e-01   1.297524e-02
4.651825999999999794e+00   1.273882e-01   1.306585e-02
4.656537000000000148e+00   1.027913e-01   1.320181e-02
4.661247999999999614e+00   1.166244e-01   1.334659e-02
4.665958999999999968e+00   1.344546e-01   1.343739e-02
4.670670999999999573e+00   1.556699e-01   1.358393e-02
4.675381999999999927e+00   1.316346e-01   1.371241e-02
4.680093000000000281e+00   1.239786e-01   1.384255e-02
4.684803999999999746e+00   1.367404e-01   1.398030e-02
4.689516000000000240e+00   1.384912e-01   1.409109e-02
4.694226999999999705e+00   1.205372e-01   1.415566e-02
4.698938000000000059e+00   1.132853e-01   1.428833e-02
4.703649000000000413e+00   1.099604e-01   1.444379e-02
4.708361000000000018e+00   1.343054e-01   1.465478e-02
4.713072000000000372e+00   1.352618e-01   1.480937e-02
4.717782999999999838e+00   1.330223e-01   1.495578e-02
4.722494000000000192e+00   1.334524e-01   1.509786e-02
4.727205999999999797e+00   1.047952e-01   1.520557e-02
4.731917000000000151e+00   1.165511e-01   1.542914e-02
4.736627999999999616e+00   1.354350e-01   1.565701e-02
4.741338999999999970e+00   1.487605e-01   1.585411e-02
4.746050999999999576e+00   1.152131e-01   1.595298e-02
4.750761999999999929e+00   1.380803e-01   1.621905e-02
4.755473000000000283e+00   1.406454e-01   1.639365e-02
4.760183999999999749e+00   1.441356e-01   1.664252e-02
4.764896000000000242e+00   1.407414e-01   1.685171e-02
4.769606999999999708e+00   1.201066e-01   1.701785e-02
4.774318000000000062e+00   1.081027e-01   1.729978e-02
4.779029000000000416e+00   1.330031e-01   1.758944e-02
4.783741000000000021e+00   1.176952e-01   1.779989e-02
4.788452000000000375e+00   1.646039e-01   1.814494e-02
4.793162999999999840e+00   1.229351e-01   1.836445e-02
4.797874000000000194e+00   8.448716e-02   1.862271e-02
4.802585999999999800e+00   1.025587e-01   1.890097e-02
4.807297000000000153e+00   9.320312e-02   1.917161e-02
4.812007999999999619e+00   7.595686e-02   1.952808e-02
4.816718999999999973e+00   1.165001e-01   1.994421e-02
4.821430999999999578e+00   1.449494e-01   2.039137e-02
4.826141999999999932e+00   1.064834e-01   2.072210e-02
4.830853000000000286e+00   1.152252e-01   2.114487e-02
4.835564999999999891e+00   1.388513e-01   2.168860e-02
4.840276000000000245e+00   1.336454e-01   2.210492e-02
4.844986999999999711e+00   1.188333e-01   2.262375e-02
4.849698000000000064e+00   1.076096e-01   2.312094e-02
4.854409999999999670e+00   1.433604e-01   2.389714e-02
4.859121000000000024e+00   1.136367e-01   2.443984e-02
4.863832000000000377e+00   1.018632e-01   2.504186e-02
4.868542999999999843e+00   1.297511e-01   2.582073e-02
4.873255000000000337e+00   1.216709e-01   2.663193e-02
4.877965999999999802e+00   1.106812e-01   2.739630e-02
4.882677000000000156e+00   1.201621e-01   2.863926e-02
4.887387999999999622e+00   1.100256e-01   2.977580e-02
4.892100000000000115e+00   1.319750e-01   3.125182e-02
4.896810999999999581e+00   1.801104e-01   3.291954e-02
4.901521999999999935e+00   1.098672e-01   3.438793e-02
4.906233000000000288e+00   1.091867e-01   3.626004e-02
4.910944999999999894e+00   9.243074e-02   3.839845e-02
4.915656000000000247e+00   1.133271e-01   4.147790e-02
4.920366999999999713e+00   1.587668e-01   4.554199e-02
4.925078000000000067e+00   1.125141e-01   5.027525e-02
4.929789999999999672e+00   1.018782e-01   5.683675e-02
4.934501000000000026e+00   1.202380e-01   6.820256e-02
4.939212000000000380e+00   1.976160e-01   9.078199e-02
4.943922999999999845e+00   1.224845e-01   1.591027e-01