# [4]
# Sample c= 8.63 mg/ml
# Intensity scaled by concentration
# Buffer subtracted data file:
# Protein DatFile = /data/visitor/mx1908/bm29/20161119/giulio/1d/mM60_032_ave.dat
# Buffer DatFile = /data/visitor/mx1908/bm29/20161119/giulio/ednaSub/mM60_032_ave_averbuffer.dat
# 
# AutoRg: Rg   =   0.8093 +/- 0.14 ( 16.7%)
# AutoRg: I(0) =   1.57 +/- 0.0096
# AutoRg: Points   245 to 324 ( 80 total)
# AutoRg: Quality: 60.3%
# 
# 
# Sample Information:
# Storage Temperature (degrees C): 20.0
# Measurement Temperature (degrees C): 20.01
# Concentration: 8.63
# Code: 
3.479420999999999903e-02  -6.185458e-01   8.755149e-01
3.950545999999999919e-02   6.304171e-02   3.475499e-01
4.421672000000000102e-02  -1.731625e-01   2.267285e-01
4.892798000000000286e-02   5.951338e-01   1.739139e-01
5.363923000000000302e-02   5.097575e-01   1.390870e-01
5.835048999999999791e-02   6.024774e-01   1.139373e-01
6.306174999999999975e-02   4.244919e-01   9.446967e-02
6.777299999999999991e-02   5.670058e-01   8.029486e-02
7.248425999999999481e-02   7.409299e-01   6.962006e-02
7.719552000000000358e-02   7.837651e-01   6.125732e-02
8.190677000000000374e-02   7.488844e-01   5.436500e-02
8.661802999999999864e-02   7.181538e-01   4.880255e-02
9.132928999999999353e-02   6.560775e-01   4.444328e-02
9.604053999999999369e-02   7.347126e-01   4.098944e-02
1.007518000000000025e-01   7.648080e-01   3.798221e-02
1.054631000000000041e-01   7.345606e-01   3.530778e-02
1.101743000000000028e-01   7.711877e-01   3.312888e-02
1.148856000000000044e-01   7.504931e-01   3.114218e-02
1.195968000000000031e-01   7.506980e-01   2.941910e-02
1.243081000000000047e-01   7.797619e-01   2.800271e-02
1.290193000000000034e-01   7.566711e-01   2.675471e-02
1.337306000000000050e-01   7.625232e-01   2.563555e-02
1.384419000000000066e-01   7.858645e-01   2.465702e-02
1.431531000000000053e-01   7.753014e-01   2.369947e-02
1.478644000000000069e-01   7.597153e-01   2.294136e-02
1.525756000000000057e-01   7.609606e-01   2.222022e-02
1.572869000000000073e-01   7.628975e-01   2.155524e-02
1.619981000000000060e-01   7.895317e-01   2.092905e-02
1.667094000000000076e-01   7.845365e-01   2.040840e-02
1.714206000000000063e-01   7.643149e-01   1.991838e-02
1.761319000000000079e-01   7.492228e-01   1.941611e-02
1.808432000000000095e-01   7.568803e-01   1.896840e-02
1.855544000000000082e-01   7.705493e-01   1.859460e-02
1.902657000000000098e-01   7.700543e-01   1.823693e-02
1.949769000000000085e-01   7.893267e-01   1.792360e-02
1.996882000000000101e-01   7.713703e-01   1.757842e-02
2.043994000000000089e-01   7.859621e-01   1.732124e-02
2.091107000000000105e-01   7.996594e-01   1.703826e-02
2.138220000000000121e-01   7.814063e-01   1.673676e-02
2.185332000000000108e-01   7.729379e-01   1.647493e-02
2.232445000000000124e-01   7.696372e-01   1.622850e-02
2.279557000000000111e-01   7.762532e-01   1.600783e-02
2.326670000000000127e-01   7.944143e-01   1.580727e-02
2.373782000000000114e-01   7.953828e-01   1.559821e-02
2.420895000000000130e-01   8.057335e-01   1.537938e-02
2.468007000000000117e-01   7.933374e-01   1.518621e-02
2.515120000000000133e-01   8.237241e-01   1.504470e-02
2.562232999999999872e-01   8.043506e-01   1.485174e-02
2.609345000000000137e-01   8.240500e-01   1.471179e-02
2.656457999999999875e-01   8.238858e-01   1.454625e-02
2.703570000000000140e-01   8.214596e-01   1.438921e-02
2.750682999999999878e-01   8.064210e-01   1.424892e-02
2.797795000000000143e-01   8.139662e-01   1.407378e-02
2.844907999999999881e-01   8.188540e-01   1.395457e-02
2.892021000000000175e-01   7.974537e-01   1.380494e-02
2.939132999999999885e-01   8.185504e-01   1.370099e-02
2.986246000000000178e-01   8.347550e-01   1.359854e-02
3.033357999999999888e-01   8.251727e-01   1.344127e-02
3.080471000000000181e-01   8.356154e-01   1.332828e-02
3.127582999999999891e-01   8.497487e-01   1.324305e-02
3.174696000000000184e-01   8.591096e-01   1.313407e-02
3.221808999999999923e-01   8.413503e-01   1.302218e-02
3.268921000000000188e-01   8.256795e-01   1.289858e-02
3.316033999999999926e-01   8.327739e-01   1.283458e-02
3.363146000000000191e-01   8.498296e-01   1.294807e-02
3.410258999999999929e-01   8.422903e-01   1.304421e-02
3.457371000000000194e-01   8.321791e-01   1.309288e-02
3.504483999999999932e-01   8.393842e-01   1.329288e-02
3.551596000000000197e-01   8.668200e-01   1.359478e-02
3.598708999999999936e-01   8.530645e-01   1.374737e-02
3.645822000000000229e-01   8.817778e-01   1.390936e-02
3.692933999999999939e-01   8.764522e-01   1.399389e-02
3.740047000000000232e-01   8.582446e-01   1.410469e-02
3.787158999999999942e-01   8.794797e-01   1.420201e-02
3.834272000000000236e-01   8.802215e-01   1.426666e-02
3.881383999999999945e-01   8.799415e-01   1.433826e-02
3.928497000000000239e-01   8.951481e-01   1.469838e-02
3.975609999999999977e-01   8.929416e-01   1.513970e-02
4.022722000000000242e-01   8.686098e-01   1.544096e-02
4.069834999999999980e-01   8.747314e-01   1.574414e-02
4.116947000000000245e-01   8.830594e-01   1.600323e-02
4.164059999999999984e-01   8.834108e-01   1.623069e-02
4.211172000000000248e-01   8.863190e-01   1.647143e-02
4.258284999999999987e-01   9.124826e-01   1.674915e-02
4.305397000000000252e-01   9.013041e-01   1.700539e-02
4.352509999999999990e-01   9.145002e-01   1.724964e-02
4.399622999999999728e-01   9.179006e-01   1.748753e-02
4.446734999999999993e-01   9.086816e-01   1.782115e-02
4.493847999999999732e-01   9.161568e-01   1.807006e-02
4.540959999999999996e-01   9.082394e-01   1.821641e-02
4.588072999999999735e-01   9.286048e-01   1.760685e-02
4.635185000000000000e-01   9.416481e-01   1.719091e-02
4.682297999999999738e-01   9.245541e-01   1.693315e-02
4.729411000000000032e-01   9.195193e-01   1.674245e-02
4.776522999999999741e-01   9.199660e-01   1.657194e-02
4.823636000000000035e-01   9.484038e-01   1.650599e-02
4.870747999999999744e-01   9.427983e-01   1.638793e-02
4.917861000000000038e-01   9.422649e-01   1.629497e-02
4.964972999999999748e-01   9.248028e-01   1.616844e-02
5.012086000000000041e-01   9.245381e-01   1.608205e-02
5.059198999999999780e-01   9.416599e-01   1.603662e-02
5.106311000000000044e-01   9.479014e-01   1.597543e-02
5.153423999999999783e-01   9.551856e-01   1.589287e-02
5.200536000000000048e-01   9.487265e-01   1.576956e-02
5.247648999999999786e-01   9.329313e-01   1.564792e-02
5.294761000000000051e-01   9.479833e-01   1.556596e-02
5.341873999999999789e-01   9.534347e-01   1.544586e-02
5.388986000000000054e-01   9.590844e-01   1.535350e-02
5.436098999999999792e-01   9.714162e-01   1.527021e-02
5.483211999999999531e-01   9.503882e-01   1.514293e-02
5.530323999999999796e-01   9.559568e-01   1.505265e-02
5.577436999999999534e-01   9.651734e-01   1.497308e-02
5.624548999999999799e-01   9.538359e-01   1.487963e-02
5.671661999999999537e-01   9.913471e-01   1.485575e-02
5.718773999999999802e-01   1.016198e+00   1.483226e-02
5.765886999999999540e-01   9.976071e-01   1.478567e-02
5.813000000000000389e-01   1.003108e+00   1.474946e-02
5.860111999999999544e-01   1.004382e+00   1.471558e-02
5.907225000000000392e-01   9.992095e-01   1.468984e-02
5.954336999999999547e-01   1.001291e+00   1.465863e-02
6.001450000000000395e-01   1.024860e+00   1.465185e-02
6.048561999999999550e-01   9.968472e-01   1.458567e-02
6.095675000000000399e-01   1.006239e+00   1.458555e-02
6.142788000000000137e-01   1.032784e+00   1.456791e-02
6.189900000000000402e-01   1.020871e+00   1.449645e-02
6.237013000000000140e-01   1.010049e+00   1.447258e-02
6.284125000000000405e-01   1.005922e+00   1.443582e-02
6.331238000000000143e-01   1.047216e+00   1.445723e-02
6.378350000000000408e-01   1.040874e+00   1.439890e-02
6.425463000000000147e-01   1.029218e+00   1.435476e-02
6.472575000000000411e-01   1.051048e+00   1.434132e-02
6.519688000000000150e-01   1.049926e+00   1.431206e-02
6.566800999999999888e-01   1.031888e+00   1.426214e-02
6.613913000000000153e-01   1.043157e+00   1.424360e-02
6.661025999999999891e-01   1.036703e+00   1.420198e-02
6.708138000000000156e-01   1.052700e+00   1.419800e-02
6.755250999999999895e-01   1.047783e+00   1.415116e-02
6.802363000000000159e-01   1.069033e+00   1.413291e-02
6.849475999999999898e-01   1.068274e+00   1.412351e-02
6.896588999999999636e-01   1.076888e+00   1.411321e-02
6.943700999999999901e-01   1.061696e+00   1.406409e-02
6.990813999999999639e-01   1.072823e+00   1.404903e-02
7.037925999999999904e-01   1.085877e+00   1.402966e-02
7.085038999999999643e-01   1.061071e+00   1.395422e-02
7.132150999999999907e-01   1.074305e+00   1.394503e-02
7.179263999999999646e-01   1.079536e+00   1.392594e-02
7.226375999999999911e-01   1.099589e+00   1.394073e-02
7.273488999999999649e-01   1.075924e+00   1.389193e-02
7.320602000000000498e-01   1.081947e+00   1.384733e-02
7.367713999999999652e-01   1.111329e+00   1.383229e-02
7.414827000000000501e-01   1.079927e+00   1.379585e-02
7.461938999999999655e-01   1.092809e+00   1.377730e-02
7.509052000000000504e-01   1.091371e+00   1.374254e-02
7.556163999999999659e-01   1.086996e+00   1.370611e-02
7.603277000000000507e-01   1.106789e+00   1.372007e-02
7.650390000000000246e-01   1.110281e+00   1.368783e-02
7.697502000000000510e-01   1.116364e+00   1.366960e-02
7.744615000000000249e-01   1.116686e+00   1.362578e-02
7.791727000000000514e-01   1.118844e+00   1.359662e-02
7.838840000000000252e-01   1.116957e+00   1.359527e-02
7.885952000000000517e-01   1.098431e+00   1.355057e-02
7.933065000000000255e-01   1.134181e+00   1.356033e-02
7.980177999999999994e-01   1.130111e+00   1.352703e-02
8.027290000000000258e-01   1.122339e+00   1.349052e-02
8.074402999999999997e-01   1.130611e+00   1.347391e-02
8.121515000000000262e-01   1.146465e+00   1.345562e-02
8.168628000000000000e-01   1.136063e+00   1.340556e-02
8.215740000000000265e-01   1.154362e+00   1.340773e-02
8.262853000000000003e-01   1.151664e+00   1.339504e-02
8.309965000000000268e-01   1.129106e+00   1.334016e-02
8.357078000000000007e-01   1.136922e+00   1.332371e-02
8.404190999999999745e-01   1.136190e+00   1.329341e-02
8.451303000000000010e-01   1.127264e+00   1.326655e-02
8.498415999999999748e-01   1.144110e+00   1.326098e-02
8.545528000000000013e-01   1.154393e+00   1.324769e-02
8.592640999999999751e-01   1.157417e+00   1.321510e-02
8.639753000000000016e-01   1.154501e+00   1.319670e-02
8.686865999999999755e-01   1.137829e+00   1.316209e-02
8.733978999999999493e-01   1.149884e+00   1.313458e-02
8.781090999999999758e-01   1.138786e+00   1.309677e-02
8.828203999999999496e-01   1.158105e+00   1.309217e-02
8.875315999999999761e-01   1.160881e+00   1.306572e-02
8.922428999999999499e-01   1.143320e+00   1.301429e-02
8.969540999999999764e-01   1.153304e+00   1.300829e-02
9.016653999999999503e-01   1.161176e+00   1.301542e-02
9.063767000000000351e-01   1.172428e+00   1.299683e-02
9.110878999999999506e-01   1.162235e+00   1.295221e-02
9.157992000000000354e-01   1.157501e+00   1.293569e-02
9.205103999999999509e-01   1.166996e+00   1.292051e-02
9.252217000000000358e-01   1.159301e+00   1.288809e-02
9.299328999999999512e-01   1.148154e+00   1.285711e-02
9.346442000000000361e-01   1.152803e+00   1.282217e-02
9.393553999999999515e-01   1.167073e+00   1.282587e-02
9.440667000000000364e-01   1.167723e+00   1.280962e-02
9.487780000000000102e-01   1.174020e+00   1.279266e-02
9.534892000000000367e-01   1.170589e+00   1.276075e-02
9.582005000000000106e-01   1.150669e+00   1.272475e-02
9.629117000000000370e-01   1.148543e+00   1.269485e-02
9.676230000000000109e-01   1.182711e+00   1.269329e-02
9.723342000000000374e-01   1.173425e+00   1.267945e-02
9.770455000000000112e-01   1.176405e+00   1.265669e-02
9.817567999999999850e-01   1.159835e+00   1.261580e-02
9.864680000000000115e-01   1.184605e+00   1.260872e-02
9.911792999999999854e-01   1.175495e+00   1.257234e-02
9.958905000000000118e-01   1.181646e+00   1.256576e-02
1.000601999999999991e+00   1.166042e+00   1.253122e-02
1.005312999999999901e+00   1.175850e+00   1.252320e-02
1.010024000000000033e+00   1.174756e+00   1.249857e-02
1.014736000000000082e+00   1.172773e+00   1.248469e-02
1.019446999999999992e+00   1.170361e+00   1.245582e-02
1.024157999999999902e+00   1.168765e+00   1.242457e-02
1.028869000000000034e+00   1.173357e+00   1.239808e-02
1.033581000000000083e+00   1.157272e+00   1.237463e-02
1.038291999999999993e+00   1.181596e+00   1.236677e-02
1.043002999999999902e+00   1.199515e+00   1.236169e-02
1.047714000000000034e+00   1.186590e+00   1.233187e-02
1.052426000000000084e+00   1.164398e+00   1.231024e-02
1.057136999999999993e+00   1.171846e+00   1.228367e-02
1.061847999999999903e+00   1.154687e+00   1.225682e-02
1.066559000000000035e+00   1.156959e+00   1.223121e-02
1.071271000000000084e+00   1.171261e+00   1.222740e-02
1.075981999999999994e+00   1.163361e+00   1.220466e-02
1.080692999999999904e+00   1.170547e+00   1.219607e-02
1.085404000000000035e+00   1.166111e+00   1.216843e-02
1.090116000000000085e+00   1.158471e+00   1.214875e-02
1.094826999999999995e+00   1.162961e+00   1.212065e-02
1.099537999999999904e+00   1.169515e+00   1.210503e-02
1.104249000000000036e+00   1.150274e+00   1.206892e-02
1.108961000000000086e+00   1.135637e+00   1.203881e-02
1.113671999999999995e+00   1.137006e+00   1.202434e-02
1.118382999999999905e+00   1.163344e+00   1.202869e-02
1.123094000000000037e+00   1.142964e+00   1.198746e-02
1.127806000000000086e+00   1.143588e+00   1.196977e-02
1.132516999999999996e+00   1.152112e+00   1.196153e-02
1.137227999999999906e+00   1.160697e+00   1.193522e-02
1.141939000000000037e+00   1.145065e+00   1.189704e-02
1.146651000000000087e+00   1.143257e+00   1.188703e-02
1.151361999999999997e+00   1.164080e+00   1.188416e-02
1.156072999999999906e+00   1.141850e+00   1.185543e-02
1.160784000000000038e+00   1.157507e+00   1.185070e-02
1.165496000000000087e+00   1.154769e+00   1.182777e-02
1.170206999999999997e+00   1.124036e+00   1.177314e-02
1.174917999999999907e+00   1.156003e+00   1.178857e-02
1.179629999999999956e+00   1.127064e+00   1.174671e-02
1.184341000000000088e+00   1.150549e+00   1.175075e-02
1.189051999999999998e+00   1.137145e+00   1.172131e-02
1.193762999999999908e+00   1.139509e+00   1.172049e-02
1.198474999999999957e+00   1.147991e+00   1.198937e-02
1.203186000000000089e+00   1.134928e+00   1.228104e-02
1.207896999999999998e+00   1.135744e+00   1.248124e-02
1.212607999999999908e+00   1.123445e+00   1.264179e-02
1.217319999999999958e+00   1.127649e+00   1.279316e-02
1.222031000000000089e+00   1.114411e+00   1.292253e-02
1.226741999999999999e+00   1.124928e+00   1.304522e-02
1.231452999999999909e+00   1.114461e+00   1.316305e-02
1.236164999999999958e+00   1.123547e+00   1.327838e-02
1.240876000000000090e+00   1.108010e+00   1.335048e-02
1.245587000000000000e+00   1.087386e+00   1.338595e-02
1.250297999999999909e+00   1.105603e+00   1.342828e-02
1.255009999999999959e+00   1.114912e+00   1.347011e-02
1.259721000000000091e+00   1.118897e+00   1.348436e-02
1.264432000000000000e+00   1.104407e+00   1.301060e-02
1.269142999999999910e+00   1.103951e+00   1.267134e-02
1.273854999999999960e+00   1.098079e+00   1.246374e-02
1.278566000000000091e+00   1.099512e+00   1.228283e-02
1.283277000000000001e+00   1.113370e+00   1.216932e-02
1.287987999999999911e+00   1.109206e+00   1.204753e-02
1.292699999999999960e+00   1.101656e+00   1.193643e-02
1.297411000000000092e+00   1.086175e+00   1.183141e-02
1.302122000000000002e+00   1.085975e+00   1.174103e-02
1.306832999999999911e+00   1.077778e+00   1.168100e-02
1.311544999999999961e+00   1.073704e+00   1.164275e-02
1.316256000000000093e+00   1.079537e+00   1.161461e-02
1.320967000000000002e+00   1.081236e+00   1.158281e-02
1.325677999999999912e+00   1.081949e+00   1.155409e-02
1.330389999999999961e+00   1.078943e+00   1.153214e-02
1.335101000000000093e+00   1.076327e+00   1.150187e-02
1.339812000000000003e+00   1.055750e+00   1.145667e-02
1.344522999999999913e+00   1.066303e+00   1.144472e-02
1.349234999999999962e+00   1.048456e+00   1.140548e-02
1.353946000000000094e+00   1.054713e+00   1.138399e-02
1.358657000000000004e+00   1.042004e+00   1.134310e-02
1.363369000000000053e+00   1.044239e+00   1.132821e-02
1.368079999999999963e+00   1.047762e+00   1.130212e-02
1.372791000000000095e+00   1.045889e+00   1.128385e-02
1.377502000000000004e+00   1.033003e+00   1.125094e-02
1.382214000000000054e+00   1.024930e+00   1.123087e-02
1.386924999999999963e+00   1.029065e+00   1.121664e-02
1.391636000000000095e+00   1.028605e+00   1.120008e-02
1.396347000000000005e+00   1.022000e+00   1.116330e-02
1.401059000000000054e+00   1.017183e+00   1.113982e-02
1.405769999999999964e+00   1.025894e+00   1.113949e-02
1.410481000000000096e+00   1.002503e+00   1.109485e-02
1.415192000000000005e+00   1.008911e+00   1.107667e-02
1.419904000000000055e+00   1.005687e+00   1.105465e-02
1.424614999999999965e+00   1.013729e+00   1.103946e-02
1.429326000000000096e+00   9.948027e-01   1.101176e-02
1.434037000000000006e+00   9.916996e-01   1.097576e-02
1.438749000000000056e+00   9.911774e-01   1.096563e-02
1.443459999999999965e+00   9.897138e-01   1.094616e-02
1.448171000000000097e+00   9.815892e-01   1.092522e-02
1.452882000000000007e+00   9.836916e-01   1.090327e-02
1.457594000000000056e+00   1.001424e+00   1.089402e-02
1.462304999999999966e+00   9.951769e-01   1.088412e-02
1.467016000000000098e+00   9.811184e-01   1.084943e-02
1.471727000000000007e+00   9.807262e-01   1.084224e-02
1.476439000000000057e+00   9.789764e-01   1.082037e-02
1.481149999999999967e+00   9.617237e-01   1.078388e-02
1.485861000000000098e+00   9.544464e-01   1.075139e-02
1.490572000000000008e+00   9.622083e-01   1.073657e-02
1.495284000000000058e+00   9.670020e-01   1.073313e-02
1.499994999999999967e+00   9.492018e-01   1.071750e-02
1.504706000000000099e+00   9.574495e-01   1.069368e-02
1.509417000000000009e+00   9.436087e-01   1.068071e-02
1.514129000000000058e+00   9.455667e-01   1.070733e-02
1.518839999999999968e+00   9.536230e-01   1.100922e-02
1.523551000000000100e+00   9.462312e-01   1.123907e-02
1.528262999999999927e+00   9.401214e-01   1.139362e-02
1.532974000000000059e+00   9.219237e-01   1.151166e-02
1.537684999999999969e+00   9.229048e-01   1.162551e-02
1.542396000000000100e+00   9.346186e-01   1.164577e-02
1.547107999999999928e+00   9.366826e-01   1.134701e-02
1.551819000000000059e+00   9.273046e-01   1.117865e-02
1.556529999999999969e+00   9.136990e-01   1.106361e-02
1.561241000000000101e+00   9.056036e-01   1.094452e-02
1.565952999999999928e+00   8.961727e-01   1.083052e-02
1.570664000000000060e+00   8.945270e-01   1.071982e-02
1.575374999999999970e+00   9.007999e-01   1.060746e-02
1.580086000000000102e+00   8.909471e-01   1.050858e-02
1.584797999999999929e+00   8.923543e-01   1.045507e-02
1.589509000000000061e+00   8.879980e-01   1.042992e-02
1.594219999999999970e+00   8.826192e-01   1.041818e-02
1.598931000000000102e+00   8.954025e-01   1.043233e-02
1.603642999999999930e+00   8.848183e-01   1.044025e-02
1.608354000000000061e+00   8.754481e-01   1.043850e-02
1.613064999999999971e+00   8.718732e-01   1.043244e-02
1.617776000000000103e+00   8.726862e-01   1.040287e-02
1.622487999999999930e+00   8.579285e-01   1.037614e-02
1.627199000000000062e+00   8.616939e-01   1.036050e-02
1.631909999999999972e+00   8.560671e-01   1.033268e-02
1.636621000000000103e+00   8.510108e-01   1.032371e-02
1.641332999999999931e+00   8.628519e-01   1.031705e-02
1.646044000000000063e+00   8.608916e-01   1.029303e-02
1.650754999999999972e+00   8.447457e-01   1.026171e-02
1.655466000000000104e+00   8.497198e-01   1.025381e-02
1.660177999999999932e+00   8.492770e-01   1.024005e-02
1.664889000000000063e+00   8.413010e-01   1.021321e-02
1.669599999999999973e+00   8.387116e-01   1.019272e-02
1.674311000000000105e+00   8.117374e-01   1.015523e-02
1.679022999999999932e+00   8.259404e-01   1.014856e-02
1.683734000000000064e+00   8.331273e-01   1.014406e-02
1.688444999999999974e+00   8.275213e-01   1.012720e-02
1.693156000000000105e+00   8.128263e-01   1.009663e-02
1.697867999999999933e+00   7.956146e-01   1.006692e-02
1.702579000000000065e+00   8.008936e-01   1.004941e-02
1.707289999999999974e+00   8.100089e-01   1.004563e-02
1.712002000000000024e+00   8.243876e-01   1.004556e-02
1.716712999999999933e+00   8.103959e-01   1.001721e-02
1.721424000000000065e+00   8.025706e-01   9.993051e-03
1.726134999999999975e+00   7.756406e-01   9.964536e-03
1.730847000000000024e+00   7.774312e-01   9.946788e-03
1.735557999999999934e+00   7.712801e-01   9.934296e-03
1.740269000000000066e+00   7.813079e-01   9.927578e-03
1.744979999999999976e+00   7.883947e-01   9.919379e-03
1.749692000000000025e+00   7.826401e-01   9.904080e-03
1.754402999999999935e+00   7.773782e-01   9.888554e-03
1.759114000000000066e+00   7.570944e-01   9.859705e-03
1.763824999999999976e+00   7.819733e-01   9.864394e-03
1.768537000000000026e+00   7.830567e-01   9.842941e-03
1.773247999999999935e+00   7.829040e-01   9.838814e-03
1.777959000000000067e+00   7.503981e-01   9.804677e-03
1.782669999999999977e+00   7.563663e-01   9.783037e-03
1.787382000000000026e+00   7.584196e-01   9.767906e-03
1.792092999999999936e+00   7.480993e-01   9.751801e-03
1.796804000000000068e+00   7.402292e-01   9.742027e-03
1.801514999999999977e+00   7.509238e-01   9.727788e-03
1.806227000000000027e+00   7.461710e-01   9.716876e-03
1.810937999999999937e+00   7.393657e-01   9.690356e-03
1.815649000000000068e+00   7.360355e-01   9.678407e-03
1.820359999999999978e+00   7.321163e-01   9.660932e-03
1.825072000000000028e+00   7.212935e-01   9.631854e-03
1.829782999999999937e+00   7.219900e-01   9.621521e-03
1.834494000000000069e+00   7.263370e-01   9.612120e-03
1.839204999999999979e+00   7.110991e-01   9.601453e-03
1.843917000000000028e+00   7.057755e-01   9.580964e-03
1.848627999999999938e+00   6.949831e-01   9.565439e-03
1.853339000000000070e+00   7.042006e-01   9.555673e-03
1.858049999999999979e+00   7.078881e-01   9.544798e-03
1.862762000000000029e+00   7.148422e-01   9.546206e-03
1.867472999999999939e+00   6.909093e-01   9.514908e-03
1.872184000000000070e+00   6.888516e-01   9.492154e-03
1.876894999999999980e+00   6.865049e-01   9.482008e-03
1.881607000000000030e+00   6.913702e-01   9.468225e-03
1.886317999999999939e+00   6.963088e-01   9.452901e-03
1.891029000000000071e+00   6.603822e-01   9.410984e-03
1.895740999999999898e+00   6.727121e-01   9.416799e-03
1.900452000000000030e+00   6.765489e-01   9.412112e-03
1.905162999999999940e+00   6.654320e-01   9.387970e-03
1.909874000000000072e+00   6.653942e-01   9.372897e-03
1.914585999999999899e+00   6.526174e-01   9.353229e-03
1.919297000000000031e+00   6.447400e-01   9.338470e-03
1.924007999999999940e+00   6.635624e-01   9.340470e-03
1.928719000000000072e+00   6.560829e-01   9.319932e-03
1.933430999999999900e+00   6.525003e-01   9.300895e-03
1.938142000000000031e+00   6.635273e-01   9.282619e-03
1.942852999999999941e+00   6.525643e-01   9.255590e-03
1.947564000000000073e+00   6.416008e-01   9.225493e-03
1.952275999999999900e+00   6.436460e-01   9.204541e-03
1.956987000000000032e+00   6.351649e-01   9.191924e-03
1.961697999999999942e+00   6.337688e-01   9.171619e-03
1.966409000000000074e+00   6.393386e-01   9.161883e-03
1.971120999999999901e+00   6.247541e-01   9.145893e-03
1.975832000000000033e+00   6.339598e-01   9.149418e-03
1.980542999999999942e+00   6.359058e-01   9.142905e-03
1.985254000000000074e+00   6.166839e-01   9.135913e-03
1.989965999999999902e+00   6.232841e-01   9.146831e-03
1.994677000000000033e+00   6.176941e-01   9.144521e-03
1.999387999999999943e+00   6.174373e-01   9.154496e-03
2.004099000000000075e+00   6.252065e-01   9.364662e-03
2.008811000000000124e+00   6.041665e-01   9.557698e-03
2.013522000000000034e+00   6.000086e-01   9.686377e-03
2.018232999999999944e+00   6.117279e-01   9.791753e-03
2.022943999999999853e+00   6.181095e-01   9.898132e-03
2.027655999999999903e+00   5.944567e-01   9.962354e-03
2.032366999999999813e+00   5.942959e-01   1.001837e-02
2.037078000000000166e+00   5.864202e-01   1.003047e-02
2.041789000000000076e+00   5.871196e-01   1.006296e-02
2.046501000000000126e+00   6.035711e-01   1.011185e-02
2.051212000000000035e+00   6.010204e-01   1.012301e-02
2.055922999999999945e+00   5.779310e-01   1.013230e-02
2.060633999999999855e+00   5.872285e-01   1.016151e-02
2.065345999999999904e+00   5.980278e-01   1.015935e-02
2.070056999999999814e+00   6.054629e-01   9.857417e-03
2.074768000000000168e+00   5.830421e-01   9.649435e-03
2.079480000000000217e+00   5.864231e-01   9.517165e-03
2.084191000000000127e+00   5.713800e-01   9.407617e-03
2.088902000000000037e+00   5.618968e-01   9.309750e-03
2.093612999999999946e+00   5.683191e-01   9.245904e-03
2.098324999999999996e+00   5.588674e-01   9.212134e-03
2.103035999999999905e+00   5.563884e-01   9.184407e-03
2.107746999999999815e+00   5.587219e-01   9.153228e-03
2.112458000000000169e+00   5.566772e-01   9.134512e-03
2.117170000000000218e+00   5.614231e-01   9.125151e-03
2.121881000000000128e+00   5.686808e-01   9.101733e-03
2.126592000000000038e+00   5.567547e-01   9.072387e-03
2.131302999999999948e+00   5.506867e-01   9.050448e-03
2.136014999999999997e+00   5.475151e-01   9.042049e-03
2.140725999999999907e+00   5.488068e-01   9.019359e-03
2.145436999999999816e+00   5.499410e-01   9.002253e-03
2.150148000000000170e+00   5.402843e-01   8.984581e-03
2.154860000000000220e+00   5.356448e-01   8.963693e-03
2.159571000000000129e+00   5.380375e-01   8.951040e-03
2.164282000000000039e+00   5.337914e-01   8.939970e-03
2.168992999999999949e+00   5.252258e-01   8.913387e-03
2.173704999999999998e+00   5.320135e-01   8.900286e-03
2.178415999999999908e+00   5.188097e-01   8.876551e-03
2.183126999999999818e+00   5.229927e-01   8.859018e-03
2.187838000000000171e+00   5.175928e-01   8.843968e-03
2.192550000000000221e+00   5.092683e-01   8.835019e-03
2.197261000000000131e+00   5.107271e-01   8.826479e-03
2.201972000000000040e+00   5.153775e-01   8.803789e-03
2.206682999999999950e+00   5.048960e-01   8.792515e-03
2.211395000000000000e+00   4.980529e-01   8.779022e-03
2.216105999999999909e+00   5.038655e-01   8.767622e-03
2.220816999999999819e+00   4.999734e-01   8.741457e-03
2.225528000000000173e+00   4.970145e-01   8.733365e-03
2.230239999999999778e+00   4.940631e-01   8.722256e-03
2.234951000000000132e+00   4.982247e-01   8.718123e-03
2.239662000000000042e+00   5.003378e-01   8.708143e-03
2.244372999999999951e+00   5.034068e-01   8.694826e-03
2.249085000000000001e+00   4.935076e-01   8.675596e-03
2.253795999999999911e+00   4.971936e-01   8.672447e-03
2.258506999999999820e+00   4.948072e-01   8.657867e-03
2.263218999999999870e+00   4.817401e-01   8.636377e-03
2.267929999999999779e+00   4.774135e-01   8.626909e-03
2.272641000000000133e+00   4.753014e-01   8.614310e-03
2.277352000000000043e+00   4.845296e-01   8.607543e-03
2.282064000000000092e+00   4.874550e-01   8.604737e-03
2.286775000000000002e+00   4.781718e-01   8.581838e-03
2.291485999999999912e+00   4.690797e-01   8.566657e-03
2.296196999999999822e+00   4.745665e-01   8.556051e-03
2.300908999999999871e+00   4.862620e-01   8.547722e-03
2.305619999999999781e+00   4.888669e-01   8.536233e-03
2.310331000000000135e+00   4.831320e-01   8.525771e-03
2.315042000000000044e+00   4.772621e-01   8.523956e-03
2.319754000000000094e+00   4.587411e-01   8.498524e-03
2.324465000000000003e+00   4.497627e-01   8.478790e-03
2.329175999999999913e+00   4.560702e-01   8.476434e-03
2.333886999999999823e+00   4.473355e-01   8.463066e-03
2.338598999999999872e+00   4.509441e-01   8.454494e-03
2.343309999999999782e+00   4.589222e-01   8.453384e-03
2.348021000000000136e+00   4.468748e-01   8.425135e-03
2.352732000000000046e+00   4.436636e-01   8.419319e-03
2.357444000000000095e+00   4.491904e-01   8.415806e-03
2.362155000000000005e+00   4.487194e-01   8.400480e-03
2.366865999999999914e+00   4.415056e-01   8.386722e-03
2.371576999999999824e+00   4.532288e-01   8.390682e-03
2.376288999999999874e+00   4.383942e-01   8.364663e-03
2.380999999999999783e+00   4.355531e-01   8.358313e-03
2.385711000000000137e+00   4.383260e-01   8.346595e-03
2.390422000000000047e+00   4.321788e-01   8.336975e-03
2.395134000000000096e+00   4.239619e-01   8.324119e-03
2.399845000000000006e+00   4.379122e-01   8.324258e-03
2.404555999999999916e+00   4.232313e-01   8.300060e-03
2.409266999999999825e+00   4.225756e-01   8.292682e-03
2.413978999999999875e+00   4.154434e-01   8.284488e-03
2.418689999999999785e+00   4.194535e-01   8.271873e-03
2.423401000000000138e+00   4.126736e-01   8.260435e-03
2.428112000000000048e+00   4.152679e-01   8.255741e-03
2.432824000000000098e+00   4.174966e-01   8.245018e-03
2.437535000000000007e+00   4.184200e-01   8.235163e-03
2.442245999999999917e+00   4.119117e-01   8.223865e-03
2.446957999999999966e+00   4.113454e-01   8.211714e-03
2.451668999999999876e+00   4.072945e-01   8.207885e-03
2.456379999999999786e+00   3.922941e-01   8.185580e-03
2.461091000000000140e+00   3.996983e-01   8.184200e-03
2.465803000000000189e+00   4.062957e-01   8.180741e-03
2.470514000000000099e+00   4.042751e-01   8.162379e-03
2.475225000000000009e+00   4.059767e-01   8.150227e-03
2.479935999999999918e+00   3.952370e-01   8.140130e-03
2.484647999999999968e+00   3.889325e-01   8.128721e-03
2.489358999999999877e+00   3.812837e-01   8.120329e-03
2.494069999999999787e+00   3.926439e-01   8.115435e-03
2.498781000000000141e+00   3.845736e-01   8.105434e-03
2.503493000000000190e+00   3.910253e-01   8.096023e-03
2.508204000000000100e+00   4.003804e-01   8.094278e-03
2.512915000000000010e+00   3.861598e-01   8.066455e-03
2.517625999999999920e+00   3.881345e-01   8.056225e-03
2.522337999999999969e+00   3.936506e-01   8.042711e-03
2.527048999999999879e+00   3.865524e-01   8.027017e-03
2.531759999999999788e+00   3.825013e-01   8.010520e-03
2.536471000000000142e+00   3.887377e-01   8.001438e-03
2.541183000000000192e+00   3.810342e-01   7.992231e-03
2.545894000000000101e+00   3.861068e-01   7.992882e-03
2.550605000000000011e+00   3.825049e-01   7.970297e-03
2.555315999999999921e+00   3.838550e-01   7.965844e-03
2.560027999999999970e+00   3.728403e-01   7.952751e-03
2.564738999999999880e+00   3.784372e-01   7.953542e-03
2.569449999999999790e+00   3.722235e-01   7.954554e-03
2.574161000000000143e+00   3.714709e-01   7.949944e-03
2.578873000000000193e+00   3.749952e-01   7.955124e-03
2.583584000000000103e+00   3.672777e-01   7.945274e-03
2.588295000000000012e+00   3.619177e-01   7.934702e-03
2.593005999999999922e+00   3.646293e-01   7.927029e-03
2.597717999999999972e+00   3.667278e-01   7.921483e-03
2.602428999999999881e+00   3.730132e-01   7.912328e-03
2.607139999999999791e+00   3.663021e-01   7.900066e-03
2.611851000000000145e+00   3.708018e-01   7.903909e-03
2.616563000000000194e+00   3.720036e-01   7.895934e-03
2.621274000000000104e+00   3.652553e-01   7.885032e-03
2.625985000000000014e+00   3.553203e-01   7.883397e-03
2.630697000000000063e+00   3.471724e-01   7.856497e-03
2.635407999999999973e+00   3.433361e-01   7.845948e-03
2.640118999999999883e+00   3.557781e-01   7.853193e-03
2.644829999999999792e+00   3.531633e-01   7.839887e-03
2.649541999999999842e+00   3.618105e-01   7.830809e-03
2.654253000000000196e+00   3.529698e-01   7.824080e-03
2.658964000000000105e+00   3.533205e-01   7.815269e-03
2.663675000000000015e+00   3.520904e-01   7.802446e-03
2.668387000000000064e+00   3.484848e-01   7.796100e-03
2.673097999999999974e+00   3.441546e-01   7.788603e-03
2.677808999999999884e+00   3.470090e-01   7.785033e-03
2.682519999999999794e+00   3.533518e-01   7.782860e-03
2.687231999999999843e+00   3.421364e-01   7.760509e-03
2.691943000000000197e+00   3.406923e-01   7.757740e-03
2.696654000000000106e+00   3.468731e-01   7.750618e-03
2.701365000000000016e+00   3.425717e-01   7.748334e-03
2.706077000000000066e+00   3.437504e-01   7.735477e-03
2.710787999999999975e+00   3.412591e-01   7.732368e-03
2.715498999999999885e+00   3.368855e-01   7.717797e-03
2.720209999999999795e+00   3.292762e-01   7.706247e-03
2.724921999999999844e+00   3.208525e-01   7.694034e-03
2.729633000000000198e+00   3.373921e-01   7.699766e-03
2.734344000000000108e+00   3.370801e-01   7.689492e-03
2.739055000000000017e+00   3.400095e-01   7.690275e-03
2.743767000000000067e+00   3.298652e-01   7.673082e-03
2.748477999999999977e+00   3.228722e-01   7.662739e-03
2.753188999999999886e+00   3.281870e-01   7.655908e-03
2.757899999999999796e+00   3.329993e-01   7.654022e-03
2.762611999999999846e+00   3.235417e-01   7.646634e-03
2.767323000000000199e+00   3.371587e-01   7.644980e-03
2.772034000000000109e+00   3.225033e-01   7.627502e-03
2.776745000000000019e+00   3.221628e-01   7.619680e-03
2.781457000000000068e+00   3.201455e-01   7.609293e-03
2.786167999999999978e+00   3.125622e-01   7.592530e-03
2.790878999999999888e+00   3.231449e-01   7.603969e-03
2.795589999999999797e+00   3.246815e-01   7.598410e-03
2.800301999999999847e+00   3.132506e-01   7.586361e-03
2.805013000000000201e+00   3.245779e-01   7.618697e-03
2.809724000000000110e+00   3.225833e-01   7.808751e-03
2.814436000000000160e+00   3.181987e-01   7.935975e-03
2.819147000000000070e+00   3.064975e-01   8.026182e-03
2.823857999999999979e+00   3.132384e-01   8.095638e-03
2.828568999999999889e+00   3.092243e-01   8.137825e-03
2.833280999999999938e+00   3.006849e-01   8.156441e-03
2.837991999999999848e+00   3.089123e-01   8.190220e-03
2.842703000000000202e+00   2.985861e-01   8.201688e-03
2.847414000000000112e+00   3.016261e-01   8.225624e-03
2.852126000000000161e+00   3.019526e-01   8.256297e-03
2.856837000000000071e+00   3.032323e-01   8.270830e-03
2.861547999999999981e+00   3.044430e-01   8.289689e-03
2.866258999999999890e+00   3.232423e-01   8.314475e-03
2.870970999999999940e+00   3.111371e-01   8.235444e-03
2.875681999999999849e+00   2.926413e-01   8.020779e-03
2.880393000000000203e+00   2.944438e-01   7.899926e-03
2.885104000000000113e+00   3.058781e-01   7.818918e-03
2.889816000000000162e+00   2.998353e-01   7.759474e-03
2.894527000000000072e+00   2.919334e-01   7.718954e-03
2.899237999999999982e+00   2.910165e-01   7.690616e-03
2.903948999999999891e+00   3.141616e-01   7.689355e-03
2.908660999999999941e+00   2.971879e-01   7.664549e-03
2.913371999999999851e+00   2.938005e-01   7.651874e-03
2.918083000000000204e+00   2.851194e-01   7.628220e-03
2.922794000000000114e+00   2.946545e-01   7.616129e-03
2.927506000000000164e+00   2.823321e-01   7.593144e-03
2.932217000000000073e+00   2.853792e-01   7.591759e-03
2.936927999999999983e+00   2.883077e-01   7.579250e-03
2.941638999999999893e+00   2.983939e-01   7.566352e-03
2.946350999999999942e+00   2.893840e-01   7.553339e-03
2.951061999999999852e+00   2.876665e-01   7.547398e-03
2.955773000000000206e+00   2.819932e-01   7.532879e-03
2.960484000000000115e+00   2.704665e-01   7.516651e-03
2.965196000000000165e+00   2.797188e-01   7.514122e-03
2.969907000000000075e+00   2.755901e-01   7.502670e-03
2.974617999999999984e+00   2.768155e-01   7.488631e-03
2.979328999999999894e+00   2.695888e-01   7.472103e-03
2.984040999999999944e+00   2.757993e-01   7.470930e-03
2.988751999999999853e+00   2.796099e-01   7.464873e-03
2.993463000000000207e+00   2.887477e-01   7.461011e-03
2.998174999999999812e+00   2.824435e-01   7.445023e-03
3.002886000000000166e+00   2.799576e-01   7.437916e-03
3.007597000000000076e+00   2.758069e-01   7.428639e-03
3.012307999999999986e+00   2.801225e-01   7.421770e-03
3.017020000000000035e+00   2.792269e-01   7.409959e-03
3.021730999999999945e+00   2.824426e-01   7.404233e-03
3.026441999999999855e+00   2.818065e-01   7.396576e-03
3.031153000000000208e+00   2.668158e-01   7.382865e-03
3.035864999999999814e+00   2.640697e-01   7.368551e-03
3.040576000000000167e+00   2.623541e-01   7.358604e-03
3.045287000000000077e+00   2.616145e-01   7.353821e-03
3.049997999999999987e+00   2.576203e-01   7.345141e-03
3.054710000000000036e+00   2.544424e-01   7.336144e-03
3.059420999999999946e+00   2.640514e-01   7.331185e-03
3.064131999999999856e+00   2.653289e-01   7.325916e-03
3.068843000000000210e+00   2.633333e-01   7.320370e-03
3.073554999999999815e+00   2.590872e-01   7.311200e-03
3.078266000000000169e+00   2.521898e-01   7.302762e-03
3.082977000000000078e+00   2.658645e-01   7.304949e-03
3.087687999999999988e+00   2.614469e-01   7.292672e-03
3.092400000000000038e+00   2.584862e-01   7.286379e-03
3.097110999999999947e+00   2.582728e-01   7.278045e-03
3.101821999999999857e+00   2.570813e-01   7.268070e-03
3.106533000000000211e+00   2.562960e-01   7.258954e-03
3.111244999999999816e+00   2.521932e-01   7.256564e-03
3.115956000000000170e+00   2.580506e-01   7.246627e-03
3.120667000000000080e+00   2.476652e-01   7.237888e-03
3.125377999999999989e+00   2.482954e-01   7.231003e-03
3.130090000000000039e+00   2.531399e-01   7.227003e-03
3.134800999999999949e+00   2.539438e-01   7.216113e-03
3.139511999999999858e+00   2.527122e-01   7.213671e-03
3.144223000000000212e+00   2.477633e-01   7.203347e-03
3.148934999999999818e+00   2.426034e-01   7.196062e-03
3.153646000000000171e+00   2.520743e-01   7.189645e-03
3.158357000000000081e+00   2.473193e-01   7.184417e-03
3.163067999999999991e+00   2.491363e-01   7.182391e-03
3.167780000000000040e+00   2.475036e-01   7.171011e-03
3.172490999999999950e+00   2.482089e-01   7.167068e-03
3.177201999999999860e+00   2.478708e-01   7.164927e-03
3.181913999999999909e+00   2.417935e-01   7.157689e-03
3.186624999999999819e+00   2.362089e-01   7.139286e-03
3.191336000000000173e+00   2.429389e-01   7.129154e-03
3.196047000000000082e+00   2.431198e-01   7.122211e-03
3.200759000000000132e+00   2.428499e-01   7.109710e-03
3.205470000000000041e+00   2.462312e-01   7.101342e-03
3.210180999999999951e+00   2.346248e-01   7.087171e-03
3.214891999999999861e+00   2.382706e-01   7.091153e-03
3.219603999999999910e+00   2.326524e-01   7.081055e-03
3.224314999999999820e+00   2.441951e-01   7.084192e-03
3.229026000000000174e+00   2.393773e-01   7.078171e-03
3.233737000000000084e+00   2.406426e-01   7.064392e-03
3.238449000000000133e+00   2.394887e-01   7.060476e-03
3.243160000000000043e+00   2.311090e-01   7.053181e-03
3.247870999999999952e+00   2.174628e-01   7.039610e-03
3.252581999999999862e+00   2.336723e-01   7.049987e-03
3.257293999999999912e+00   2.334019e-01   7.050393e-03
3.262004999999999821e+00   2.343519e-01   7.048968e-03
3.266716000000000175e+00   2.367681e-01   7.040816e-03
3.271427000000000085e+00   2.373802e-01   7.039846e-03
3.276139000000000134e+00   2.365957e-01   7.023905e-03
3.280850000000000044e+00   2.232873e-01   7.019406e-03
3.285560999999999954e+00   2.253266e-01   7.015987e-03
3.290271999999999863e+00   2.315764e-01   7.005675e-03
3.294983999999999913e+00   2.328200e-01   7.002600e-03
3.299694999999999823e+00   2.220716e-01   6.994672e-03
3.304406000000000176e+00   2.227996e-01   6.985836e-03
3.309117000000000086e+00   2.209155e-01   6.978170e-03
3.313829000000000136e+00   2.216482e-01   6.980622e-03
3.318540000000000045e+00   2.213780e-01   6.970227e-03
3.323250999999999955e+00   2.294897e-01   6.979983e-03
3.327961999999999865e+00   2.314252e-01   6.969921e-03
3.332673999999999914e+00   2.273485e-01   6.960155e-03
3.337384999999999824e+00   2.258179e-01   6.951699e-03
3.342096000000000178e+00   2.191618e-01   6.945532e-03
3.346807000000000087e+00   2.237386e-01   6.939771e-03
3.351519000000000137e+00   2.265658e-01   6.940246e-03
3.356230000000000047e+00   2.219617e-01   6.934444e-03
3.360940999999999956e+00   2.229396e-01   6.927903e-03
3.365653000000000006e+00   2.239277e-01   6.922995e-03
3.370363999999999916e+00   2.175491e-01   6.913144e-03
3.375074999999999825e+00   2.234135e-01   6.910768e-03
3.379786000000000179e+00   2.235282e-01   6.907151e-03
3.384497999999999784e+00   2.162189e-01   6.901117e-03
3.389209000000000138e+00   2.199243e-01   6.942851e-03
3.393920000000000048e+00   2.217279e-01   7.098990e-03
3.398630999999999958e+00   2.168856e-01   7.196214e-03
3.403343000000000007e+00   2.131400e-01   7.269375e-03
3.408053999999999917e+00   2.184689e-01   7.327976e-03
3.412764999999999826e+00   2.137802e-01   7.347304e-03
3.417476000000000180e+00   2.129094e-01   7.348240e-03
3.422187999999999786e+00   2.145994e-01   7.346468e-03
3.426899000000000139e+00   2.180791e-01   7.364193e-03
3.431610000000000049e+00   2.193551e-01   7.386370e-03
3.436320999999999959e+00   2.149085e-01   7.407102e-03
3.441033000000000008e+00   2.226576e-01   7.417859e-03
3.445743999999999918e+00   2.086474e-01   7.417133e-03
3.450454999999999828e+00   2.008264e-01   7.424842e-03
3.455166000000000182e+00   2.069015e-01   7.446503e-03
3.459877999999999787e+00   2.085360e-01   7.462674e-03
3.464589000000000141e+00   2.080465e-01   7.471507e-03
3.469300000000000050e+00   1.966945e-01   7.476191e-03
3.474010999999999960e+00   2.134766e-01   7.493730e-03
3.478723000000000010e+00   2.216017e-01   7.515560e-03
3.483433999999999919e+00   2.057724e-01   7.512653e-03
3.488144999999999829e+00   2.151128e-01   7.535953e-03
3.492856000000000183e+00   2.035516e-01   7.532006e-03
3.497567999999999788e+00   1.935528e-01   7.538130e-03
3.502279000000000142e+00   1.979732e-01   7.546884e-03
3.506990000000000052e+00   2.029739e-01   7.557891e-03
3.511700999999999961e+00   2.092667e-01   7.570283e-03
3.516413000000000011e+00   1.980481e-01   7.569496e-03
3.521123999999999921e+00   2.080053e-01   7.586322e-03
3.525834999999999830e+00   2.181963e-01   7.598660e-03
3.530546000000000184e+00   1.977756e-01   7.597358e-03
3.535257999999999790e+00   1.933573e-01   7.604258e-03
3.539969000000000143e+00   1.955209e-01   7.610455e-03
3.544680000000000053e+00   2.036813e-01   7.618472e-03
3.549392000000000102e+00   2.027816e-01   7.637491e-03
3.554103000000000012e+00   2.031061e-01   7.643202e-03
3.558813999999999922e+00   1.979101e-01   7.647552e-03
3.563524999999999832e+00   1.934059e-01   7.651561e-03
3.568236999999999881e+00   1.913416e-01   7.656434e-03
3.572947999999999791e+00   1.952141e-01   7.663871e-03
3.577659000000000145e+00   1.835192e-01   7.659316e-03
3.582370000000000054e+00   1.885800e-01   7.668846e-03
3.587082000000000104e+00   1.933729e-01   7.684138e-03
3.591793000000000013e+00   1.957742e-01   7.689610e-03
3.596503999999999923e+00   1.960950e-01   7.691564e-03
3.601214999999999833e+00   1.880235e-01   7.677553e-03
3.605926999999999882e+00   1.805281e-01   7.680635e-03
3.610637999999999792e+00   1.894200e-01   7.823874e-03
3.615349000000000146e+00   1.991815e-01   8.064266e-03
3.620060000000000056e+00   1.940138e-01   8.203906e-03
3.624772000000000105e+00   1.983255e-01   8.297512e-03
3.629483000000000015e+00   1.948497e-01   8.369001e-03
3.634193999999999924e+00   1.909531e-01   8.418221e-03
3.638904999999999834e+00   1.990619e-01   8.469933e-03
3.643616999999999884e+00   1.973852e-01   8.523546e-03
3.648327999999999793e+00   1.820040e-01   8.549788e-03
3.653039000000000147e+00   1.739260e-01   8.590620e-03
3.657750000000000057e+00   1.744678e-01   8.632751e-03
3.662462000000000106e+00   1.844598e-01   8.688362e-03
3.667173000000000016e+00   1.892583e-01   8.733873e-03
3.671883999999999926e+00   1.800131e-01   8.757905e-03
3.676594999999999835e+00   1.823897e-01   8.796609e-03
3.681306999999999885e+00   1.860983e-01   8.850113e-03
3.686017999999999795e+00   1.896178e-01   8.888354e-03
3.690729000000000148e+00   1.742580e-01   8.913387e-03
3.695440000000000058e+00   1.783669e-01   8.947798e-03
3.700152000000000108e+00   1.814799e-01   8.991753e-03
3.704863000000000017e+00   1.834201e-01   9.028773e-03
3.709573999999999927e+00   1.896107e-01   9.074109e-03
3.714284999999999837e+00   1.856527e-01   9.110245e-03
3.718996999999999886e+00   1.889317e-01   9.139003e-03
3.723707999999999796e+00   1.804847e-01   9.167296e-03
3.728419000000000150e+00   1.830442e-01   9.203000e-03
3.733131000000000199e+00   1.904436e-01   9.245324e-03
3.737842000000000109e+00   1.845268e-01   9.279572e-03
3.742553000000000019e+00   1.708024e-01   9.300974e-03
3.747263999999999928e+00   1.776519e-01   9.349492e-03
3.751975999999999978e+00   1.980937e-01   9.398669e-03
3.756686999999999887e+00   1.864046e-01   9.424410e-03
3.761397999999999797e+00   1.808850e-01   9.456301e-03
3.766109000000000151e+00   1.775009e-01   9.486687e-03
3.770821000000000200e+00   1.618988e-01   9.512900e-03
3.775532000000000110e+00   1.860079e-01   9.569583e-03
3.780243000000000020e+00   1.935536e-01   9.602477e-03
3.784953999999999930e+00   1.709990e-01   9.620193e-03
3.789665999999999979e+00   1.640190e-01   9.651483e-03
3.794376999999999889e+00   1.883802e-01   9.701394e-03
3.799087999999999798e+00   1.723390e-01   9.721204e-03
3.803799000000000152e+00   1.723850e-01   9.757898e-03
3.808511000000000202e+00   1.748686e-01   9.799231e-03
3.813222000000000111e+00   1.644555e-01   9.819113e-03
3.817933000000000021e+00   1.746370e-01   9.857615e-03
3.822643999999999931e+00   1.792238e-01   9.899955e-03
3.827355999999999980e+00   1.839636e-01   9.934707e-03
3.832066999999999890e+00   1.592225e-01   9.954423e-03
3.836777999999999800e+00   1.720277e-01   1.000525e-02
3.841489000000000154e+00   1.710119e-01   1.003410e-02
3.846201000000000203e+00   1.610427e-01   1.006253e-02
3.850912000000000113e+00   1.789205e-01   1.011726e-02
3.855623000000000022e+00   1.805213e-01   1.016062e-02
3.860333999999999932e+00   1.766605e-01   1.017730e-02
3.865045999999999982e+00   1.878171e-01   1.022787e-02
3.869756999999999891e+00   1.769790e-01   1.024906e-02
3.874467999999999801e+00   1.667808e-01   1.027000e-02
3.879179000000000155e+00   1.679757e-01   1.031177e-02
3.883891000000000204e+00   1.756478e-01   1.034340e-02
3.888602000000000114e+00   1.605917e-01   1.037486e-02
3.893313000000000024e+00   1.656417e-01   1.041615e-02
3.898023999999999933e+00   1.675158e-01   1.045021e-02
3.902735999999999983e+00   1.715871e-01   1.049085e-02
3.907446999999999893e+00   1.596194e-01   1.051954e-02
3.912157999999999802e+00   1.616958e-01   1.055485e-02
3.916869999999999852e+00   1.716210e-01   1.056058e-02
3.921581000000000206e+00   1.705924e-01   1.059278e-02
3.926292000000000115e+00   1.831443e-01   1.061489e-02
3.931003000000000025e+00   1.694390e-01   1.063202e-02
3.935715000000000074e+00   1.679724e-01   1.065518e-02
3.940425999999999984e+00   1.599853e-01   1.066653e-02
3.945136999999999894e+00   1.601972e-01   1.067519e-02
3.949847999999999804e+00   1.746508e-01   1.071124e-02
3.954559999999999853e+00   1.661400e-01   1.071634e-02
3.959271000000000207e+00   1.719640e-01   1.072129e-02
3.963982000000000117e+00   1.756510e-01   1.073371e-02
3.968693000000000026e+00   1.638601e-01   1.074968e-02
3.973405000000000076e+00   1.636870e-01   1.076066e-02
3.978115999999999985e+00   1.584859e-01   1.081506e-02
3.982826999999999895e+00   1.477330e-01   1.084628e-02
3.987537999999999805e+00   1.508418e-01   1.088602e-02
3.992249999999999854e+00   1.587638e-01   1.091166e-02
3.996961000000000208e+00   1.625848e-01   1.096369e-02
4.001672000000000118e+00   1.722786e-01   1.100174e-02
4.006382999999999583e+00   1.676764e-01   1.104953e-02
4.011095000000000077e+00   1.490727e-01   1.107207e-02
4.015806000000000431e+00   1.673350e-01   1.112178e-02
4.020516999999999896e+00   1.557045e-01   1.113057e-02
4.025228000000000250e+00   1.555941e-01   1.117263e-02
4.029939999999999856e+00   1.599541e-01   1.122550e-02
4.034651000000000209e+00   1.499827e-01   1.124964e-02
4.039361999999999675e+00   1.492797e-01   1.127870e-02
4.044073000000000029e+00   1.638907e-01   1.134696e-02
4.048784999999999634e+00   1.515793e-01   1.135304e-02
4.053495999999999988e+00   1.417630e-01   1.138546e-02
4.058207000000000342e+00   1.456163e-01   1.144221e-02
4.062917999999999807e+00   1.663898e-01   1.149408e-02
4.067630000000000301e+00   1.679614e-01   1.152582e-02
4.072340999999999767e+00   1.456356e-01   1.154018e-02
4.077052000000000120e+00   1.449534e-01   1.159813e-02
4.081762999999999586e+00   1.553679e-01   1.165503e-02
4.086475000000000080e+00   1.569797e-01   1.169645e-02
4.091186000000000433e+00   1.560849e-01   1.175207e-02
4.095896999999999899e+00   1.660589e-01   1.178865e-02
4.100609000000000393e+00   1.386280e-01   1.180311e-02
4.105319999999999858e+00   1.428783e-01   1.184031e-02
4.110031000000000212e+00   1.585077e-01   1.190732e-02
4.114741999999999678e+00   1.622651e-01   1.196033e-02
4.119454000000000171e+00   1.735279e-01   1.200139e-02
4.124164999999999637e+00   1.418393e-01   1.202351e-02
4.128875999999999991e+00   1.381048e-01   1.206001e-02
4.133587000000000344e+00   1.378213e-01   1.210237e-02
4.138298999999999950e+00   1.489767e-01   1.215426e-02
4.143010000000000304e+00   1.311542e-01   1.217388e-02
4.147720999999999769e+00   1.347449e-01   1.222952e-02
4.152432000000000123e+00   1.472194e-01   1.229466e-02
4.157143999999999728e+00   1.587186e-01   1.235370e-02
4.161855000000000082e+00   1.370001e-01   1.237816e-02
4.166566000000000436e+00   1.538369e-01   1.243410e-02
4.171276999999999902e+00   1.517831e-01   1.249368e-02
4.175989000000000395e+00   1.565491e-01   1.254409e-02
4.180699999999999861e+00   1.414242e-01   1.259144e-02
4.185411000000000215e+00   1.493767e-01   1.263944e-02
4.190121999999999680e+00   1.461771e-01   1.266314e-02
4.194834000000000174e+00   1.575893e-01   1.272620e-02
4.199544999999999639e+00   1.506172e-01   1.277121e-02
4.204255999999999993e+00   1.380765e-01   1.279456e-02
4.208967000000000347e+00   1.573342e-01   1.285225e-02
4.213678999999999952e+00   1.473614e-01   1.290600e-02
4.218390000000000306e+00   1.241904e-01   1.294219e-02
4.223100999999999772e+00   1.360584e-01   1.299412e-02
4.227812000000000126e+00   1.535745e-01   1.306006e-02
4.232523999999999731e+00   1.414457e-01   1.311167e-02
4.237235000000000085e+00   1.315462e-01   1.312463e-02
4.241946000000000438e+00   1.436942e-01   1.319773e-02
4.246656999999999904e+00   1.386965e-01   1.325825e-02
4.251369000000000398e+00   1.315595e-01   1.332073e-02
4.256079999999999863e+00   1.483873e-01   1.338809e-02
4.260791000000000217e+00   1.457428e-01   1.343741e-02
4.265501999999999683e+00   1.447397e-01   1.347752e-02
4.270214000000000176e+00   1.584871e-01   1.356034e-02
4.274924999999999642e+00   1.419733e-01   1.361833e-02
4.279635999999999996e+00   1.490036e-01   1.368215e-02
4.284347999999999601e+00   1.323259e-01   1.372559e-02
4.289058999999999955e+00   1.538395e-01   1.380171e-02
4.293770000000000309e+00   1.450224e-01   1.385498e-02
4.298480999999999774e+00   1.258766e-01   1.389386e-02
4.303193000000000268e+00   1.464935e-01   1.396593e-02
4.307903999999999733e+00   1.478590e-01   1.401834e-02
4.312615000000000087e+00   1.440796e-01   1.409050e-02
4.317326000000000441e+00   1.576984e-01   1.417496e-02
4.322038000000000046e+00   1.265778e-01   1.419225e-02
4.326749000000000400e+00   1.326080e-01   1.428173e-02
4.331459999999999866e+00   1.420871e-01   1.435618e-02
4.336171000000000220e+00   1.619149e-01   1.442775e-02
4.340882999999999825e+00   1.471114e-01   1.448421e-02
4.345594000000000179e+00   1.482867e-01   1.453087e-02
4.350304999999999644e+00   1.392246e-01   1.460195e-02
4.355015999999999998e+00   1.387061e-01   1.467650e-02
4.359727999999999604e+00   1.114412e-01   1.472099e-02
4.364438999999999957e+00   1.384043e-01   1.482935e-02
4.369150000000000311e+00   1.316643e-01   1.488312e-02
4.373860999999999777e+00   1.346228e-01   1.495233e-02
4.378573000000000270e+00   1.318998e-01   1.505022e-02
4.383283999999999736e+00   1.418365e-01   1.511403e-02
4.387995000000000090e+00   1.622045e-01   1.521336e-02
4.392706000000000444e+00   1.565592e-01   1.529501e-02
4.397418000000000049e+00   1.524307e-01   1.531907e-02
4.402129000000000403e+00   1.294938e-01   1.530343e-02
4.406839999999999868e+00   1.522603e-01   1.534479e-02
4.411551000000000222e+00   1.566836e-01   1.535191e-02
4.416262999999999828e+00   1.196732e-01   1.531124e-02
4.420974000000000181e+00   1.416580e-01   1.535418e-02
4.425684999999999647e+00   1.387125e-01   1.537247e-02
4.430396000000000001e+00   1.246428e-01   1.536403e-02
4.435107999999999606e+00   1.257336e-01   1.536500e-02
4.439818999999999960e+00   1.159420e-01   1.540227e-02
4.444530000000000314e+00   1.454072e-01   1.552110e-02
4.449240999999999779e+00   1.201687e-01   1.558261e-02
4.453953000000000273e+00   1.215893e-01   1.564829e-02
4.458663999999999739e+00   1.251804e-01   1.572953e-02
4.463375000000000092e+00   1.178196e-01   1.582388e-02
4.468086999999999698e+00   1.349443e-01   1.591446e-02
4.472798000000000052e+00   1.489251e-01   1.598937e-02
4.477509000000000405e+00   1.262065e-01   1.607417e-02
4.482219999999999871e+00   1.287607e-01   1.617731e-02
4.486932000000000365e+00   1.490378e-01   1.631148e-02
4.491642999999999830e+00   1.367549e-01   1.637159e-02
4.496354000000000184e+00   1.366847e-01   1.645947e-02
4.501064999999999650e+00   1.546838e-01   1.657861e-02
4.505777000000000143e+00   1.235531e-01   1.664853e-02
4.510487999999999609e+00   1.318800e-01   1.672877e-02
4.515198999999999963e+00   1.213130e-01   1.683147e-02
4.519910000000000316e+00   1.261662e-01   1.695766e-02
4.524621999999999922e+00   1.363069e-01   1.704911e-02
4.529333000000000276e+00   1.436418e-01   1.718322e-02
4.534043999999999741e+00   1.507117e-01   1.724461e-02
4.538755000000000095e+00   1.252660e-01   1.734728e-02
4.543466999999999700e+00   1.520730e-01   1.748103e-02
4.548178000000000054e+00   1.264105e-01   1.756381e-02
4.552889000000000408e+00   1.265780e-01   1.765866e-02
4.557599999999999874e+00   1.213938e-01   1.777582e-02
4.562312000000000367e+00   1.190128e-01   1.789026e-02
4.567022999999999833e+00   1.378174e-01   1.803995e-02
4.571734000000000187e+00   1.320898e-01   1.817247e-02
4.576444999999999652e+00   1.041805e-01   1.820412e-02
4.581157000000000146e+00   1.303407e-01   1.836446e-02
4.585867999999999611e+00   1.210483e-01   1.848818e-02
4.590578999999999965e+00   1.074638e-01   1.864491e-02
4.595290000000000319e+00   1.312205e-01   1.880354e-02
4.600001999999999924e+00   1.191773e-01   1.884531e-02
4.604713000000000278e+00   1.137997e-01   1.897503e-02
4.609423999999999744e+00   1.142089e-01   1.918240e-02
4.614135000000000097e+00   1.427263e-01   1.936701e-02
4.618846999999999703e+00   1.587812e-01   1.949429e-02
4.623558000000000057e+00   1.052398e-01   1.956581e-02
4.628269000000000410e+00   1.077120e-01   1.972640e-02
4.632979999999999876e+00   1.173297e-01   1.987513e-02
4.637692000000000370e+00   1.219800e-01   2.010709e-02
4.642402999999999835e+00   1.105609e-01   2.022438e-02
4.647114000000000189e+00   1.413275e-01   2.039300e-02
4.651825999999999794e+00   1.537744e-01   2.061558e-02
4.656537000000000148e+00   1.126507e-01   2.074933e-02
4.661247999999999614e+00   1.097658e-01   2.091380e-02
4.665958999999999968e+00   1.288701e-01   2.110185e-02
4.670670999999999573e+00   1.058977e-01   2.120126e-02
4.675381999999999927e+00   1.313839e-01   2.147795e-02
4.680093000000000281e+00   9.883778e-02   2.166374e-02
4.684803999999999746e+00   1.310521e-01   2.188865e-02
4.689516000000000240e+00   1.224403e-01   2.206871e-02
4.694226999999999705e+00   1.366076e-01   2.230110e-02
4.698938000000000059e+00   1.381723e-01   2.255116e-02
4.703649000000000413e+00   1.050230e-01   2.267059e-02
4.708361000000000018e+00   1.042030e-01   2.296811e-02
4.713072000000000372e+00   1.152881e-01   2.320741e-02
4.717782999999999838e+00   1.203728e-01   2.347641e-02
4.722494000000000192e+00   1.119041e-01   2.365711e-02
4.727205999999999797e+00   1.145550e-01   2.397825e-02
4.731917000000000151e+00   1.233642e-01   2.425884e-02
4.736627999999999616e+00   1.296195e-01   2.455661e-02
4.741338999999999970e+00   1.153183e-01   2.478674e-02
4.746050999999999576e+00   1.204859e-01   2.508528e-02
4.750761999999999929e+00   1.215321e-01   2.537683e-02
4.755473000000000283e+00   1.254005e-01   2.566133e-02
4.760183999999999749e+00   1.366839e-01   2.607233e-02
4.764896000000000242e+00   1.036021e-01   2.634099e-02
4.769606999999999708e+00   1.049816e-01   2.677548e-02
4.774318000000000062e+00   1.386245e-01   2.732347e-02
4.779029000000000416e+00   1.499515e-01   2.761014e-02
4.783741000000000021e+00   9.492106e-02   2.787544e-02
4.788452000000000375e+00   9.907155e-02   2.828863e-02
4.793162999999999840e+00   8.254481e-02   2.873809e-02
4.797874000000000194e+00   8.173946e-02   2.924971e-02
4.802585999999999800e+00   1.465986e-01   2.985310e-02
4.807297000000000153e+00   1.313864e-01   3.031819e-02
4.812007999999999619e+00   1.152406e-01   3.073631e-02
4.816718999999999973e+00   1.061862e-01   3.123549e-02
4.821430999999999578e+00   1.201161e-01   3.197308e-02
4.826141999999999932e+00   7.233494e-02   3.249886e-02
4.830853000000000286e+00   9.701240e-02   3.320361e-02
4.835564999999999891e+00   1.757791e-01   3.410387e-02
4.840276000000000245e+00   1.344291e-01   3.479748e-02
4.844986999999999711e+00   1.522408e-01   3.567292e-02
4.849698000000000064e+00   1.263997e-01   3.646075e-02
4.854409999999999670e+00   1.264561e-01   3.746416e-02
4.859121000000000024e+00   1.610556e-01   3.855011e-02
4.863832000000000377e+00   1.092818e-01   3.963492e-02
4.868542999999999843e+00   1.295472e-01   4.061621e-02
4.873255000000000337e+00   1.141725e-01   4.194357e-02
4.877965999999999802e+00   1.040804e-01   4.355566e-02
4.882677000000000156e+00   1.610178e-01   4.545609e-02
4.887387999999999622e+00   1.499467e-01   4.707103e-02
4.892100000000000115e+00   1.203079e-01   4.889738e-02
4.896810999999999581e+00   1.149380e-01   5.120379e-02
4.901521999999999935e+00   1.259971e-02   5.363185e-02
4.906233000000000288e+00  -3.630823e-03   5.639898e-02
4.910944999999999894e+00   1.180383e-01   6.037162e-02
4.915656000000000247e+00   2.158433e-01   6.570467e-02
4.920366999999999713e+00   2.871689e-01   7.260727e-02
4.925078000000000067e+00   1.443477e-01   7.944417e-02
4.929789999999999672e+00   1.764892e-01   9.016829e-02
4.934501000000000026e+00   1.439695e-01   1.072305e-01
4.939212000000000380e+00   8.090324e-02   1.410365e-01
4.943922999999999845e+00   1.260077e-01   2.488539e-01